100 100
23 25 77 75 92 75 71 76 63 38 95 62 50 38 18 59 47 14 60 13 93 46 39 31 87 57 36 92 68 3 43 67 44 5 27 11 53 11 24 40 20 34 1 77 99 42 72 35 22 96 33 22 7 55 12 21 15 29 4 16 40 22 16 98 96 8 32 35 64 59 86 31 84 13 26 46 51 52 6 22 28 18 42 19 3 64 17 29 46 70 21 99 83 42 80 2 2 35 91 11 48 92 19 88 67 97 0 21 85 56 34 17 30 43 37 27 49 19 56 23 98 50 82 5 8 59 79 71 13 47 62 39 11 82 29 35 88 12 41 2 25 39 35 42 45 52 81 65 90 35 65 48 58 57 66 5 73 2 55 60 78 64 69 86 61 3 76 51 5 26 75 34 97 39 14 45 10 63 57 54 31 40 70 43 54 50 9 71 74 46 89 99 94 67 52 34 38 6 59 95 
84 67 35 54 71 29 48 30 64 60 17 59 9 3 13 85 20 6 1 46 82 49 63 5 12 82 67 18 0 71 34 48 91 79 68 62 51 65 4 76 45 65 46 55 65 81 5 15 47 32 37 52 18 97 8 69 77 82 52 89 81 69 75 87 3 22 70 71 73 63 40 70 53 74 21 52 31 94 98 14 97 81 42 24 86 14 72 32 22 39 39 67 66 59 76 18 60 77 69 50 62 18 10 6 30 96 55 53 78 35 23 99 99 39 96 18 36 14 57 90 25 64 2 81 94 89 93 48 16 80 61 44 26 75 54 12 29 13 80 74 44 59 56 71 24 75 15 30 33 93 59 26 50 30 87 84 38 91 49 93 79 39 89 56 27 13 19 29 95 55 11 69 90 26 41 7 28 55 88 48 43 22 32 46 74 50 85 96 14 17 92 57 7 14 83 8 6 13 58 95 
75 53 50 78 46 24 68 92 4 90 99 68 64 87 85 43 58 75 38 94 28 93 94 92 41 18 32 28 88 27 57 40 93 56 40 83 73 51 29 15 90 97 65 48 83 53 77 78 0 39 54 47 95 34 49 42 87 28 8 11 39 11 47 30 56 14 3 10 84 4 67 20 97 92 23 19 22 59 96 28 55 69 69 82 79 64 30 40 5 27 21 82 53 27 74 43 25 56 34 17 91 18 35 20 48 98 51 43 60 68 86 84 42 26 15 87 14 61 26 95 66 23 43 88 81 89 18 49 76 84 10 12 36 51 72 3 31 44 1 20 37 43 24 54 16 18 59 72 2 70 78 28 44 20 6 22 33 59 12 36 19 85 7 13 71 73 13 29 61 45 27 7 70 97 20 4 9 22 63 74 11 45 98 62 17 95 89 66 82 14 62 40 80 23 52 79 45 34 92 8 
95 90 90 91 54 74 77 39 81 26 21 44 59 69 31 60 32 36 20 66 68 33 79 65 91 92 82 63 48 24 52 10 89 32 75 27 45 75 88 19 73 49 12 75 66 5 14 19 57 53 42 85 13 80 65 99 0 64 85 32 40 63 49 73 62 3 23 67 44 30 28 93 67 95 38 85 24 96 50 92 80 96 4 34 5 16 64 2 61 44 8 34 47 40 39 13 84 51 36 73 10 13 33 2 22 31 70 84 71 86 97 3 60 20 1 95 51 26 16 69 19 74 87 70 69 87 55 69 26 80 18 59 9 91 35 37 3 42 17 24 6 96 53 49 30 29 37 58 83 80 46 91 43 33 63 58 99 26 27 79 41 75 92 96 34 21 29 88 11 63 25 91 98 19 72 24 93 63 76 58 56 11 58 14 96 28 7 96 94 17 2 47 78 90 74 45 86 86 15 49 
83 42 11 53 13 93 18 42 2 5 21 17 70 85 94 93 78 80 90 8 6 68 0 92 28 34 74 59 16 99 56 12 34 99 7 87 15 50 84 64 68 3 59 47 44 45 45 62 5 5 10 38 33 22 53 25 67 59 32 44 48 86 54 96 52 31 64 60 73 92 66 47 14 98 50 25 12 89 79 83 27 58 55 81 9 20 1 67 26 62 72 72 8 36 96 69 97 85 24 52 86 93 58 50 88 79 19 55 80 9 4 25 41 15 42 40 47 35 49 74 93 63 60 10 43 68 36 90 89 74 62 18 29 49 17 23 3 57 51 82 87 10 35 3 63 18 98 59 81 9 92 98 85 14 38 71 30 72 95 52 61 15 57 82 23 80 39 77 37 14 77 25 46 35 76 31 75 37 99 76 40 87 31 23 65 94 91 66 25 29 22 56 71 89 82 61 69 36 20 76 
50 59 90 62 7 26 75 59 13 6 79 17 27 59 59 80 14 14 72 20 58 56 94 99 82 2 53 67 86 41 88 40 10 92 4 41 16 26 89 91 80 56 32 56 23 53 91 91 6 22 62 9 44 26 49 42 99 48 57 90 95 66 54 55 41 69 56 74 33 58 18 73 5 66 11 60 61 14 96 78 81 53 1 90 74 38 93 51 37 12 85 40 8 2 30 16 26 1 64 92 92 65 17 36 46 50 66 45 77 64 98 9 22 58 34 53 48 56 63 47 60 30 78 24 43 70 83 35 51 75 67 45 9 93 19 29 39 19 71 74 12 7 76 92 24 48 29 39 47 36 31 11 2 17 0 46 21 54 73 81 15 41 35 80 55 69 84 97 97 37 52 14 65 14 68 95 3 37 45 49 70 43 20 87 36 17 40 75 69 60 25 19 87 58 38 38 28 20 42 88 
16 55 29 66 31 48 46 59 42 8 4 21 93 64 12 7 41 80 69 5 35 59 71 8 8 91 89 11 55 81 97 86 63 76 87 40 26 76 77 9 11 23 24 80 3 51 90 46 43 48 15 68 67 51 48 15 73 5 70 82 65 84 86 97 13 26 61 70 17 33 28 31 56 20 74 39 32 42 25 33 21 70 20 84 72 23 95 54 64 55 52 60 75 82 59 14 2 36 30 22 36 21 80 3 78 11 37 82 57 92 76 52 45 85 82 77 91 3 96 89 83 83 9 33 92 15 66 36 44 96 39 99 58 81 22 24 0 59 88 89 40 11 47 13 68 26 27 91 98 87 79 51 53 20 62 89 34 99 84 95 23 41 99 7 7 67 10 77 81 45 33 74 38 91 5 87 50 1 51 55 60 35 19 71 18 47 6 34 54 77 49 68 14 85 94 27 1 2 85 99 
3 9 30 18 32 28 50 33 25 92 84 76 18 58 76 37 55 28 44 80 62 96 86 97 28 92 9 84 91 68 75 1 98 86 96 33 31 66 81 20 57 17 36 11 21 18 40 90 90 57 42 95 74 17 59 33 41 61 13 49 35 36 39 38 6 62 95 73 67 25 68 82 17 84 85 87 8 44 48 96 69 64 23 68 49 57 64 65 52 89 72 42 33 77 61 43 58 76 60 38 29 54 82 66 46 8 12 48 66 84 34 15 5 93 43 94 26 57 15 16 89 64 65 13 92 62 83 63 63 53 99 21 88 70 71 42 10 29 2 83 78 5 7 16 53 76 19 67 4 46 97 67 54 83 51 46 87 29 11 26 94 96 93 42 70 49 80 54 73 58 16 8 24 41 38 14 45 35 37 9 56 74 22 16 77 50 27 69 1 45 79 69 0 90 47 17 14 18 20 45 
11 48 10 31 59 29 36 27 22 85 32 71 46 92 29 20 14 11 37 86 26 41 33 24 97 82 27 50 98 24 34 75 60 34 77 80 95 71 28 54 65 5 82 42 40 8 44 35 5 93 50 63 96 4 83 85 54 53 53 61 90 54 88 16 49 18 16 5 78 43 18 24 57 88 35 67 38 79 47 41 8 17 70 37 71 56 76 70 84 56 85 24 55 95 1 12 63 96 48 27 2 55 81 36 25 41 13 65 15 23 72 79 52 6 86 89 58 69 30 16 91 56 61 81 23 98 62 12 93 19 7 88 94 3 4 36 99 67 56 74 42 38 31 76 89 47 17 21 6 80 19 97 39 35 21 45 3 74 68 92 12 98 67 54 74 91 0 79 45 46 87 34 80 56 66 26 64 62 73 82 20 38 9 89 79 33 92 50 69 62 75 39 43 63 41 88 24 13 51 42 
37 35 47 41 95 9 83 27 99 68 61 38 80 64 8 63 63 45 81 47 42 80 67 14 33 37 23 86 82 27 86 51 94 51 77 83 20 11 4 17 60 36 34 33 0 21 92 28 2 87 19 68 25 73 72 16 41 19 21 35 78 22 68 28 30 20 1 92 7 94 59 15 54 44 58 96 5 33 29 43 51 88 3 70 65 23 89 9 50 14 97 45 27 20 49 84 64 4 31 31 6 41 18 50 35 85 28 23 43 5 26 34 98 52 90 28 32 92 11 3 17 38 84 56 39 68 10 36 62 83 15 70 52 43 70 65 66 75 87 7 45 77 88 76 38 89 75 25 55 86 36 26 14 55 12 18 74 4 56 83 57 50 96 43 24 24 71 76 76 29 79 89 73 39 40 87 44 98 16 62 93 31 9 33 13 24 22 56 85 56 48 31 91 96 69 45 46 15 53 93 
41 69 9 64 37 70 20 70 44 89 91 87 17 62 0 17 3 61 10 67 68 32 90 1 98 13 96 46 50 28 30 71 2 55 80 35 77 62 56 43 92 14 39 52 86 10 62 51 75 76 45 87 21 6 42 39 49 19 4 90 67 97 26 38 64 67 34 75 72 74 87 11 54 4 23 52 73 99 84 40 43 76 79 90 95 86 33 82 99 78 74 4 32 61 60 44 27 66 97 71 94 12 69 44 47 41 81 26 51 3 65 11 12 22 1 10 7 73 85 20 61 33 66 85 8 37 58 82 48 44 59 8 18 61 52 18 38 92 93 32 15 53 88 65 13 69 35 16 11 13 22 66 40 49 31 49 53 96 16 86 57 48 46 33 5 81 24 28 36 65 82 35 89 67 63 59 55 10 19 74 28 56 29 18 78 66 83 16 71 22 70 56 14 26 76 58 25 57 6 6 
18 69 69 12 43 2 88 15 99 96 31 51 14 95 70 8 0 58 87 54 77 2 51 40 20 73 10 42 54 69 45 15 72 79 46 56 76 59 55 56 81 38 56 4 49 84 16 91 63 43 92 71 40 2 33 74 84 74 61 38 52 24 71 67 79 45 91 25 86 16 96 52 73 84 35 22 26 77 67 49 9 20 6 76 8 55 65 39 11 51 4 77 13 40 22 21 1 77 64 49 36 52 29 51 34 71 48 90 44 30 5 33 60 92 23 30 90 56 50 23 32 76 89 7 21 67 75 36 85 61 12 19 93 34 78 33 47 87 53 40 97 38 80 82 27 13 83 61 17 78 58 52 41 5 57 77 59 19 94 35 28 62 25 30 74 64 24 10 82 21 42 8 15 51 68 18 30 46 2 46 39 20 62 13 37 81 95 48 7 13 3 42 98 95 19 41 38 12 66 64 
66 10 24 10 57 36 70 52 18 29 20 49 63 23 74 66 95 65 22 4 84 71 59 54 60 84 11 98 83 96 7 43 8 82 54 67 4 69 33 25 51 60 53 80 15 95 42 81 5 60 13 86 25 48 31 84 12 98 37 67 0 28 76 31 40 93 2 37 41 91 52 12 79 41 44 43 82 88 1 46 72 93 35 5 99 12 87 27 23 65 36 91 86 91 48 19 92 90 56 16 16 29 90 54 10 82 32 31 49 73 19 83 46 21 61 9 96 43 39 75 89 91 58 79 21 38 14 61 65 10 17 32 47 77 97 65 3 83 55 48 62 30 80 52 78 42 75 29 98 42 28 64 88 65 30 15 27 84 29 46 93 73 69 97 50 41 67 74 68 51 9 70 6 42 73 23 43 3 91 69 64 72 34 31 77 60 71 66 45 59 94 10 81 10 38 74 26 67 85 36 
6 62 1 20 86 28 12 85 16 25 87 80 8 30 51 92 62 80 21 20 2 19 36 3 89 56 73 92 18 36 65 60 92 81 71 30 99 33 82 98 97 88 26 70 15 92 58 39 29 41 33 4 98 12 19 26 10 28 56 24 88 79 76 14 17 94 77 65 69 83 24 91 52 75 84 28 27 63 66 39 37 64 14 29 4 12 55 76 30 53 9 58 96 78 13 43 50 2 20 92 81 69 3 5 41 43 35 56 79 27 68 73 23 43 31 95 60 98 40 61 46 10 63 61 39 88 7 5 25 80 5 19 78 10 72 75 54 12 22 58 11 86 74 4 83 17 67 2 45 34 94 98 57 71 0 72 61 19 47 84 75 29 80 33 43 91 48 85 44 13 49 35 34 38 70 90 32 6 91 79 59 84 64 24 93 64 85 86 95 74 38 84 53 57 42 31 28 83 90 14 
22 91 68 42 69 5 79 50 73 27 18 18 16 33 11 40 7 90 76 1 64 71 20 65 50 11 29 89 33 30 39 24 9 15 90 51 51 48 2 26 6 66 12 2 36 18 8 48 96 6 10 92 93 54 15 20 98 97 30 43 46 98 80 49 71 59 23 35 94 47 75 63 92 89 66 2 61 26 56 5 83 81 25 29 14 20 52 27 72 14 48 93 86 48 70 92 34 99 88 44 35 74 97 73 17 44 43 76 74 90 21 6 63 1 47 85 3 17 67 10 57 47 99 40 65 98 84 65 85 1 28 6 5 88 60 61 27 25 32 44 55 62 54 27 45 26 26 95 81 49 89 91 82 22 4 22 19 49 91 96 87 11 0 45 78 76 37 31 95 54 38 71 58 34 49 94 24 40 53 45 31 41 44 86 62 76 59 71 42 13 1 14 41 71 40 6 13 27 77 27 
27 27 83 69 99 44 74 34 45 36 96 40 18 4 56 41 13 5 81 79 23 88 7 21 8 77 87 31 15 69 47 54 51 33 89 49 75 60 82 50 58 82 9 99 39 59 35 24 22 55 62 71 31 10 40 53 53 45 97 39 72 3 73 76 86 70 34 76 30 49 11 81 98 78 6 57 68 67 52 33 3 34 55 42 37 1 36 61 2 63 84 48 57 67 49 58 54 37 41 46 60 60 88 28 4 94 16 22 50 34 65 99 28 31 14 70 25 43 76 2 93 30 0 22 92 28 43 56 59 41 63 40 91 62 19 82 90 36 33 2 12 76 78 14 79 8 77 65 71 76 66 65 44 67 95 34 85 82 20 28 67 7 64 67 94 69 46 35 26 45 21 44 48 81 29 85 80 22 24 17 70 66 38 49 17 72 42 3 69 88 10 49 5 42 61 73 1 94 32 25 
33 73 69 43 62 82 7 89 35 50 36 4 49 28 93 72 92 18 41 76 67 24 66 68 87 90 13 24 55 37 38 63 79 94 70 29 65 22 63 97 82 74 85 26 11 23 18 74 75 85 95 69 19 41 12 8 31 97 72 65 27 30 88 11 97 28 40 35 0 96 23 79 26 89 42 33 17 87 16 14 60 66 28 74 30 33 90 1 20 52 59 79 71 38 78 3 46 58 43 75 56 11 44 59 14 71 4 5 5 73 91 72 86 53 61 64 3 12 81 23 83 30 73 20 89 99 24 91 1 80 29 76 51 27 99 71 68 9 53 63 21 2 6 68 47 98 39 75 34 30 2 85 96 70 74 18 22 77 76 23 50 80 32 33 77 70 54 41 45 52 48 43 15 52 94 91 37 78 64 41 9 7 98 87 58 91 52 30 57 60 80 20 10 82 84 75 8 23 25 96 
43 87 38 17 89 41 62 29 74 36 97 52 95 63 42 93 94 48 36 92 49 78 50 64 21 6 79 10 66 86 93 75 91 13 92 45 17 95 20 70 8 70 83 92 48 68 71 15 16 53 27 40 2 63 78 30 44 43 99 58 75 12 45 59 18 80 5 4 60 45 10 45 1 73 70 36 88 44 0 44 25 11 40 60 65 67 9 46 59 94 41 82 77 53 69 30 68 97 13 36 56 71 73 33 32 33 80 68 87 42 72 73 67 50 52 34 54 3 64 72 55 23 23 90 51 93 6 42 76 71 15 56 34 82 81 50 19 38 4 58 30 93 26 60 3 33 85 93 39 90 24 32 35 53 98 73 28 19 86 86 7 90 53 64 61 96 47 97 22 14 14 92 96 32 33 14 12 13 58 33 57 18 84 76 29 93 90 85 37 55 46 7 11 75 82 5 31 11 63 24 
97 14 28 61 79 80 57 20 42 65 29 58 84 47 90 88 50 36 35 86 45 79 76 96 55 35 94 74 78 45 18 47 62 20 20 42 95 53 99 70 17 70 23 55 48 52 64 57 60 69 7 83 16 20 93 32 65 51 81 95 69 38 39 60 85 14 51 26 75 46 91 61 73 93 66 38 21 57 9 23 41 55 27 84 8 13 70 78 53 80 59 63 38 94 22 71 87 70 37 98 32 31 83 24 26 39 12 11 44 53 98 31 14 84 47 19 6 46 34 52 58 68 5 2 68 90 15 16 31 15 77 22 4 86 96 56 88 10 63 53 80 25 33 26 19 66 0 85 13 82 11 18 1 29 24 16 25 72 52 86 46 12 82 43 49 15 43 36 92 55 89 26 86 21 74 79 2 44 56 24 54 2 40 13 3 45 36 20 61 37 10 83 71 64 67 69 30 6 72 9 
22 53 66 79 13 12 65 39 92 79 68 35 74 90 51 9 87 7 67 7 42 67 1 3 34 73 61 87 77 41 89 64 9 74 69 23 75 55 70 20 62 59 19 79 24 24 80 22 32 44 53 75 21 44 84 21 35 55 96 99 85 38 11 20 43 11 5 32 28 29 78 95 48 21 56 10 37 50 16 68 50 69 54 82 49 70 41 70 97 1 14 90 73 59 12 67 83 26 52 93 2 41 23 1 81 69 40 45 18 98 98 70 4 75 25 49 0 24 44 92 88 50 64 91 76 81 47 77 91 92 8 9 99 74 30 30 82 97 38 77 15 88 27 49 94 61 59 33 31 36 36 88 90 51 58 72 63 94 20 77 45 16 95 78 39 65 57 67 71 5 86 95 33 96 55 83 6 32 93 67 46 64 79 50 72 94 10 9 26 90 29 66 60 34 7 14 3 21 17 91 
52 83 31 32 69 34 20 99 4 78 12 92 59 81 63 26 88 48 92 98 43 90 26 24 95 52 66 24 56 40 14 4 44 14 86 40 37 41 73 7 16 78 76 67 1 77 19 27 62 89 60 87 18 29 64 38 47 90 48 76 78 88 27 54 41 96 91 95 25 64 58 95 75 94 70 9 13 31 96 74 84 5 83 58 39 34 38 49 29 95 23 14 94 60 98 87 77 12 6 17 28 19 9 55 93 5 17 24 5 88 50 85 61 9 32 82 24 50 97 97 0 62 65 10 53 67 81 15 7 9 22 14 34 32 74 65 89 22 67 27 8 40 85 79 49 57 2 59 71 96 82 6 36 2 57 5 87 74 35 96 40 91 15 45 42 65 79 27 68 35 30 57 72 6 3 83 51 69 55 61 80 17 11 16 10 60 21 46 46 15 90 36 33 56 99 99 45 69 54 68 
12 18 96 88 56 97 66 54 61 45 31 75 72 97 82 61 60 60 27 8 84 43 10 28 94 13 43 29 37 75 23 60 32 1 98 31 78 82 34 13 76 20 89 96 19 17 81 58 16 53 53 83 97 73 93 21 30 97 9 6 59 8 90 21 57 4 40 53 51 15 70 91 45 33 68 82 69 69 1 96 63 68 36 22 4 39 77 17 80 95 58 59 29 9 33 1 21 17 91 60 39 81 75 21 26 88 87 33 17 99 7 49 50 82 13 65 74 99 55 35 42 7 71 64 47 74 3 80 28 91 35 85 8 29 99 66 79 9 67 21 92 79 38 88 52 40 41 22 46 55 22 12 14 89 2 40 85 64 62 12 86 33 95 98 64 86 25 35 24 4 88 41 49 3 54 74 6 5 11 87 18 76 15 68 20 29 0 72 73 15 65 98 83 6 48 44 44 73 5 1 
43 26 44 35 10 9 39 3 18 32 14 41 74 52 17 26 97 55 84 40 4 9 78 33 16 66 27 63 68 26 37 21 56 42 98 84 31 77 41 56 62 39 42 34 92 60 94 72 72 61 35 69 1 44 28 30 65 48 90 4 55 76 47 9 2 14 13 58 53 22 45 50 54 35 52 68 48 37 93 70 67 81 22 24 73 97 91 66 69 1 99 17 15 78 96 83 21 4 33 44 66 77 34 83 95 82 61 25 29 23 9 75 57 93 81 85 24 94 83 46 71 84 60 83 25 17 86 66 89 93 30 7 49 72 20 14 32 90 59 20 0 50 88 23 11 35 5 40 79 70 85 81 77 41 3 9 58 69 50 52 64 14 80 9 75 57 82 72 7 4 38 65 26 56 12 71 6 1 46 82 40 47 63 65 70 95 8 48 76 65 23 51 36 74 51 41 87 34 19 30 
22 1 74 64 98 84 97 96 40 44 94 49 14 59 30 61 79 94 6 98 78 52 20 85 29 50 27 10 99 76 69 94 49 44 45 35 73 44 15 62 1 95 53 68 83 88 68 91 67 57 89 54 26 48 85 55 58 37 86 53 36 19 62 7 52 18 81 72 4 20 8 66 35 18 32 55 44 69 91 82 28 68 43 22 65 50 92 17 13 68 71 38 54 10 47 57 66 44 9 45 31 16 76 55 55 81 77 31 5 37 50 20 93 46 87 6 21 68 39 45 82 86 90 74 42 61 48 98 60 60 96 82 63 12 88 26 33 87 0 3 25 91 72 43 41 15 95 87 24 47 51 57 34 47 18 53 57 75 11 19 70 53 59 17 80 1 64 87 12 9 17 73 37 61 3 58 23 17 61 90 10 10 75 76 7 97 16 18 19 74 46 50 56 26 84 26 38 9 2 63 
49 18 21 60 33 19 24 31 61 26 30 34 36 44 25 74 10 2 4 83 67 10 17 68 98 96 51 60 22 64 46 58 20 14 38 13 9 47 47 31 68 67 0 51 26 19 71 3 80 16 70 29 96 66 18 58 89 63 94 96 69 46 73 75 45 82 86 70 54 80 37 22 99 19 50 20 43 34 87 51 44 59 13 11 31 84 74 16 12 94 93 83 88 19 95 72 14 39 39 82 40 25 11 59 29 60 41 69 58 7 90 37 84 85 81 18 63 14 35 70 28 50 15 67 57 25 27 12 7 20 55 36 2 43 48 6 97 87 23 48 5 71 53 95 66 28 92 13 79 54 56 35 78 1 91 20 16 13 59 80 8 31 60 40 6 53 82 4 83 12 76 68 19 3 75 18 32 71 52 79 85 5 77 92 65 88 3 18 42 17 72 10 34 68 62 81 1 1 64 23 
85 37 48 94 43 45 67 39 12 1 82 77 22 59 79 86 15 10 10 95 37 40 59 57 1 88 39 21 47 3 35 12 64 77 54 45 40 67 36 94 88 35 11 3 5 20 89 67 9 44 81 6 24 71 97 99 58 35 53 85 91 48 75 21 23 55 87 90 98 94 73 79 99 13 0 45 86 28 6 30 72 66 44 32 60 96 65 8 50 36 71 22 19 57 61 57 32 26 95 95 70 48 74 33 17 10 83 12 45 84 18 25 96 46 34 99 30 39 2 85 62 41 27 9 94 42 78 7 92 44 28 47 51 40 33 10 49 50 80 11 93 17 31 37 26 46 46 11 56 92 20 36 25 52 41 12 76 8 69 11 3 77 84 41 13 97 21 66 14 58 66 7 38 61 68 3 90 88 42 47 29 74 8 60 7 30 63 30 55 22 52 71 4 94 16 15 57 15 77 63 
92 33 98 66 77 63 32 96 20 95 61 1 82 78 94 7 91 7 21 4 52 29 31 51 37 63 95 27 4 56 85 85 86 25 65 1 90 76 64 70 3 80 7 78 45 60 70 84 1 22 43 65 59 98 30 97 54 19 15 27 97 34 63 63 68 63 35 30 83 71 46 86 41 1 47 22 19 20 6 53 99 57 48 41 42 11 12 80 8 61 36 77 2 23 75 11 76 48 18 22 73 34 58 3 9 10 0 8 10 51 80 50 49 77 24 85 89 47 5 96 87 76 11 2 79 82 55 65 39 90 69 19 51 48 28 90 27 21 81 26 56 31 14 1 62 53 38 93 17 30 26 62 67 94 72 43 84 63 93 91 44 50 22 54 29 64 16 20 13 95 74 58 33 95 57 52 88 3 96 15 34 99 53 87 25 4 23 61 40 12 50 48 60 23 71 84 78 56 66 6 
6 59 46 1 87 20 26 82 90 89 3 52 19 18 75 45 20 46 72 78 44 76 25 97 29 72 34 48 0 53 52 39 89 23 8 11 21 63 27 55 99 70 88 63 42 26 85 27 54 1 55 20 9 33 23 99 10 99 13 8 51 77 39 77 4 74 92 49 12 70 81 55 58 54 71 80 68 72 17 97 5 58 56 2 60 22 18 23 79 99 64 73 41 87 1 57 66 88 32 30 49 92 91 89 80 14 84 31 33 28 97 73 28 91 37 90 16 93 53 53 57 13 74 2 95 5 48 98 78 31 76 83 61 37 11 46 36 45 38 88 43 46 47 30 24 89 59 20 77 1 40 35 2 7 15 83 63 2 96 57 70 32 83 28 14 95 69 2 86 91 22 22 94 50 67 75 31 28 35 71 82 34 93 37 98 32 73 97 7 10 45 44 65 12 62 49 50 13 30 49 
21 90 77 45 2 69 73 55 25 51 27 98 94 88 90 1 33 93 23 14 86 30 84 17 4 24 96 20 82 14 29 94 91 41 19 62 50 66 71 30 47 44 17 59 12 77 51 97 20 82 54 94 44 12 75 44 38 5 32 83 45 20 53 14 5 82 34 37 64 49 74 72 62 52 70 57 87 54 79 26 81 97 52 70 43 34 58 18 89 71 13 82 98 3 67 14 61 27 65 16 85 22 46 23 48 76 59 96 68 74 80 65 49 57 93 4 72 98 11 81 36 17 78 86 60 90 88 92 35 3 3 20 99 4 10 79 41 35 30 69 9 76 24 91 28 82 7 63 15 60 55 99 42 21 1 14 14 1 16 40 63 33 56 95 76 91 66 54 18 86 26 40 40 2 39 41 95 57 69 63 57 90 22 79 0 45 31 33 6 3 92 6 37 14 83 25 8 45 97 69 
27 85 13 59 40 62 44 27 7 65 35 73 75 16 86 6 59 98 29 93 8 61 34 49 63 92 87 83 56 9 39 17 17 35 1 48 20 59 18 70 10 58 32 91 54 57 0 70 82 80 90 10 66 98 25 73 53 3 67 35 80 49 99 50 83 31 14 14 30 12 79 15 5 32 69 41 45 72 88 39 95 98 71 54 84 30 28 81 58 86 37 99 74 57 61 72 42 90 98 83 41 67 77 76 92 55 15 2 6 21 12 19 52 81 9 11 23 4 24 88 31 20 96 16 68 15 64 25 72 23 47 95 65 7 38 26 3 86 57 54 62 6 73 30 60 34 49 43 81 51 50 30 48 41 76 40 2 96 11 15 70 19 46 17 51 10 22 56 43 82 91 39 93 82 16 6 26 39 33 61 4 36 36 21 85 40 97 88 94 28 78 49 21 82 89 32 55 28 19 63 
21 9 25 5 92 19 22 22 65 23 51 49 24 94 81 8 80 59 0 39 39 81 33 90 38 46 69 3 35 90 89 94 70 72 45 20 37 38 36 80 14 37 59 66 95 56 88 50 93 21 94 35 42 60 18 77 31 98 56 53 64 83 49 18 63 63 75 9 4 16 99 93 96 65 8 79 5 47 41 31 74 16 19 73 61 98 40 81 23 36 6 15 62 1 55 35 58 50 28 43 53 89 43 65 20 77 27 23 87 87 52 3 29 39 10 47 67 59 82 52 68 75 98 90 91 92 73 44 79 93 26 45 54 6 84 18 34 29 50 65 46 72 16 20 11 69 13 44 72 6 77 3 15 65 83 33 47 80 85 46 3 2 66 42 12 65 60 30 7 81 44 62 71 12 9 23 86 91 57 6 17 39 90 1 76 4 78 42 32 36 48 64 2 88 30 11 97 40 1 61 
82 51 45 88 36 80 86 56 78 96 40 13 34 3 75 41 70 3 62 51 57 45 93 86 6 27 79 11 46 77 3 67 71 25 89 98 42 73 96 62 83 30 52 58 80 29 24 43 72 39 77 79 41 52 54 36 20 59 25 9 63 13 92 44 99 18 32 17 28 27 4 35 26 74 50 85 60 58 51 47 17 82 8 32 65 31 15 64 58 27 94 44 2 55 91 51 44 79 68 53 21 73 11 58 59 56 90 48 61 39 87 59 22 63 81 55 13 72 64 32 9 26 39 75 23 66 27 28 43 54 14 23 12 74 38 75 0 69 33 27 49 98 31 35 85 30 88 29 97 54 55 76 30 77 18 77 74 47 29 40 10 5 95 75 48 70 37 2 35 16 67 1 5 35 47 7 66 89 73 92 98 29 7 95 16 22 69 76 53 11 1 56 19 23 56 68 76 69 84 24 
61 67 53 35 4 84 75 34 51 53 46 59 47 19 32 58 62 82 96 44 64 83 76 1 78 41 7 87 40 16 74 30 24 19 94 16 50 50 41 89 33 36 15 61 66 46 59 23 80 31 85 61 36 71 92 89 8 16 1 51 81 16 56 36 82 58 42 71 95 37 43 97 10 15 70 82 45 28 20 97 79 75 98 24 48 36 19 93 29 23 39 80 83 77 93 47 30 60 49 41 73 14 55 62 57 98 17 37 23 48 9 52 22 86 13 34 27 60 12 95 44 7 71 2 26 14 90 20 37 42 63 9 68 16 14 56 3 8 89 11 54 75 34 45 69 18 16 97 2 55 5 46 35 1 91 9 6 47 25 49 88 61 38 1 77 32 86 16 72 78 11 90 60 25 18 60 67 84 58 10 87 4 0 20 84 20 31 69 21 85 97 99 28 47 52 85 99 79 65 89 
8 30 72 42 47 90 93 77 95 1 5 83 62 68 39 41 32 59 83 53 96 5 86 63 1 62 64 58 22 12 0 74 67 62 55 38 97 66 92 35 28 77 52 19 82 22 61 66 43 99 88 71 29 80 31 43 14 55 99 84 80 31 70 13 11 96 68 9 74 64 56 74 57 30 75 15 71 59 12 15 87 88 37 41 35 3 77 62 98 1 20 2 94 9 25 9 13 95 36 87 18 98 76 19 58 81 54 22 49 9 85 42 3 5 42 83 34 10 17 29 6 53 19 54 59 2 90 74 60 91 21 93 84 78 65 80 41 43 91 84 24 59 79 33 44 57 89 11 53 78 81 69 15 9 50 5 73 87 40 30 2 22 27 9 9 35 48 79 46 79 30 77 4 63 51 91 10 88 26 36 23 43 38 54 69 82 16 85 78 49 45 13 33 33 63 6 7 39 66 21 
36 80 69 5 31 36 95 33 53 11 60 90 82 92 70 68 81 12 71 6 57 28 75 8 84 45 94 82 16 79 56 38 48 44 78 10 91 69 35 87 58 94 40 80 73 64 89 5 34 44 17 29 76 29 98 38 62 13 9 57 88 5 86 27 92 41 97 75 2 95 59 14 52 4 77 29 18 12 28 51 33 47 68 28 39 6 44 45 12 64 79 80 66 39 8 74 85 26 65 73 37 64 87 34 67 36 15 41 49 11 99 59 4 3 27 61 7 37 19 22 47 21 30 16 55 58 25 12 74 56 5 60 3 57 72 79 80 38 42 14 38 3 13 2 22 6 14 62 23 36 45 21 29 38 24 66 32 68 43 87 61 17 46 68 50 69 21 27 64 38 54 75 63 67 51 46 41 32 96 84 26 78 10 67 11 16 1 28 6 47 0 59 20 8 93 80 83 37 90 85 
57 7 15 1 12 9 30 16 92 76 5 1 72 82 91 54 98 29 82 21 71 12 0 49 62 83 52 38 88 60 9 27 99 33 19 78 96 43 73 49 66 64 27 47 41 57 69 71 24 74 42 70 44 17 75 82 21 36 74 13 64 68 8 14 49 41 28 47 35 68 81 22 55 22 56 94 6 13 87 73 29 60 31 61 77 42 18 36 79 81 13 75 48 64 20 64 83 58 17 2 67 98 86 18 7 84 23 4 93 83 2 15 22 17 90 10 10 95 68 90 54 40 89 91 60 32 95 26 46 27 94 78 14 92 58 23 43 16 63 42 16 16 32 68 40 82 47 7 3 68 4 97 39 91 1 94 38 8 45 61 11 79 36 13 61 17 33 14 70 73 85 77 80 8 65 46 50 59 26 36 37 10 78 72 25 27 97 44 76 86 59 9 34 41 51 18 53 11 84 42 
11 24 54 6 73 97 27 48 61 68 36 95 2 52 58 46 88 70 28 11 86 98 67 50 45 4 37 1 4 67 35 52 5 82 55 15 41 63 17 39 7 47 75 8 65 50 15 64 76 61 71 20 96 83 68 80 10 16 85 64 23 65 81 85 52 94 3 91 95 52 56 81 84 8 92 83 32 57 46 74 25 5 29 18 30 24 80 5 63 81 39 9 38 82 22 57 18 9 20 41 26 23 57 62 33 22 90 13 16 38 40 22 31 76 21 30 78 61 12 43 8 48 69 41 1 85 87 12 94 99 50 20 9 96 59 41 49 12 44 13 47 24 74 54 6 34 91 93 42 12 64 94 48 37 53 5 34 39 66 19 14 38 97 34 24 54 79 76 99 13 82 72 77 27 83 25 19 46 70 15 13 83 43 19 89 47 62 37 60 51 98 70 93 41 51 83 0 65 72 27 
78 54 64 54 25 70 6 46 73 13 10 81 2 45 61 79 90 84 57 26 97 41 69 35 54 1 43 40 1 80 36 85 51 15 75 20 7 57 17 46 70 57 11 9 39 89 92 58 13 64 35 53 99 9 37 64 14 20 58 23 59 10 29 40 81 25 88 30 48 75 68 73 5 47 24 79 77 73 12 13 71 15 47 89 63 79 27 25 18 26 95 66 94 63 72 64 45 76 65 17 15 86 20 38 33 84 62 76 42 65 3 93 83 84 80 4 55 18 67 82 46 39 98 65 84 51 0 96 66 58 93 43 32 8 30 21 86 56 26 36 89 99 23 28 34 82 38 53 49 55 50 83 79 57 8 59 19 82 16 70 4 37 22 37 53 74 9 63 91 67 52 80 31 29 82 5 56 43 85 69 28 99 44 49 40 17 87 26 74 43 60 97 21 51 41 42 76 54 96 95 
65 78 50 57 10 10 37 18 74 58 14 34 32 41 73 44 45 25 58 84 92 10 25 96 27 17 84 56 76 47 72 53 81 50 79 51 96 89 47 19 1 88 4 17 17 90 78 29 88 16 51 81 34 63 66 91 85 71 68 66 89 84 9 30 59 47 40 50 28 32 99 44 36 58 62 97 30 34 46 51 11 98 48 64 70 70 69 35 23 61 55 51 8 49 31 34 6 6 90 95 22 2 16 16 35 9 94 97 33 57 12 95 83 18 3 53 38 20 7 96 29 72 21 94 20 77 15 34 91 6 43 71 95 72 26 9 13 85 60 66 63 75 0 30 93 87 77 86 24 75 86 37 39 84 49 62 52 42 98 9 56 28 75 60 53 30 87 11 71 62 80 84 5 81 61 98 54 98 2 48 18 47 97 8 42 32 57 51 41 96 67 14 82 10 64 79 44 53 19 41 
85 91 77 17 53 4 52 63 32 67 0 30 69 87 50 80 14 95 35 14 74 17 44 22 6 1 72 85 17 41 28 77 45 77 18 9 13 77 24 24 20 8 86 64 61 6 7 12 88 13 76 71 10 76 1 95 27 8 58 6 47 92 38 3 2 12 68 27 43 58 80 66 22 99 84 33 83 7 55 78 97 96 96 30 23 54 34 23 94 88 79 19 99 45 59 65 12 24 95 30 78 30 5 49 71 32 70 78 48 31 40 3 54 25 67 9 9 2 57 22 33 84 29 61 25 35 42 44 11 37 63 16 65 97 73 85 41 51 4 26 37 13 46 76 90 41 92 2 30 96 36 85 89 55 98 2 93 65 49 52 87 97 64 81 39 8 81 22 26 59 56 95 75 52 3 85 31 64 51 13 82 64 91 94 8 4 19 13 66 98 15 26 16 32 21 20 60 97 62 28 
36 63 30 2 59 23 48 14 7 62 85 56 20 98 25 56 75 28 42 1 70 96 66 27 67 38 82 41 50 94 18 77 31 63 49 63 71 81 15 6 17 63 11 98 57 64 39 37 83 89 86 96 47 88 0 13 19 72 97 28 23 57 99 99 10 11 46 8 14 96 61 17 6 71 73 80 21 33 72 87 63 82 81 44 44 14 43 85 91 2 68 60 89 72 92 27 52 63 80 66 28 47 32 42 60 61 98 17 37 65 94 5 33 96 27 47 74 9 24 20 22 10 62 11 2 86 90 90 54 65 65 66 3 91 64 8 45 37 41 99 69 90 56 16 34 89 78 17 8 98 55 87 13 8 87 40 26 33 93 37 35 99 12 2 4 22 96 12 95 13 16 62 84 30 29 44 79 25 77 56 38 10 40 44 58 25 76 39 53 65 51 35 1 62 88 52 9 84 5 30 
91 2 8 50 14 69 30 64 96 54 93 45 66 38 90 90 65 70 92 37 63 73 87 40 72 16 85 21 49 50 57 10 60 46 55 2 62 48 76 16 6 58 94 37 2 12 44 30 18 82 98 76 58 40 82 21 46 91 69 48 64 6 74 91 97 75 5 79 75 51 0 51 45 81 83 70 3 65 51 19 31 49 95 5 1 59 71 40 81 74 84 70 37 84 40 47 47 25 52 86 33 75 38 26 10 51 13 32 78 15 79 11 25 18 29 6 86 60 32 83 48 64 15 85 23 21 26 52 36 49 27 30 19 56 22 31 77 25 35 31 11 83 42 42 24 11 9 64 43 44 21 90 99 8 67 35 80 72 17 67 39 72 54 55 12 43 53 88 88 35 56 19 68 53 89 80 28 89 7 21 73 34 16 56 61 89 59 50 50 28 4 15 70 27 41 74 20 83 34 79 
67 37 16 92 55 58 45 51 88 90 38 74 10 80 75 41 32 49 30 21 81 20 66 64 82 25 22 13 83 13 48 1 79 16 36 43 14 97 92 97 3 57 15 73 70 21 62 15 19 84 17 71 29 42 61 84 85 29 9 62 91 43 60 92 40 27 20 44 78 34 35 73 90 15 5 70 4 63 31 81 93 78 87 68 37 36 21 45 96 60 51 98 6 2 74 76 34 13 71 1 41 42 26 26 77 58 25 36 59 56 68 37 13 27 18 71 42 92 94 32 24 58 28 98 64 43 95 2 65 61 2 49 43 88 39 37 86 95 23 92 49 2 89 67 27 62 58 74 63 45 50 81 11 1 46 95 57 5 97 34 44 39 8 85 47 67 69 43 56 30 76 59 98 81 73 96 53 80 72 23 99 98 52 54 33 71 1 66 80 86 54 6 0 98 12 66 7 89 84 27 
19 99 34 23 27 78 50 53 49 1 69 89 47 37 22 12 99 96 55 71 5 92 32 95 38 2 57 66 46 33 52 20 79 19 26 92 60 60 95 3 88 36 53 95 13 80 56 88 97 33 17 25 25 50 3 31 72 87 91 72 85 38 35 39 37 11 23 72 86 26 40 6 94 14 9 34 0 52 96 23 7 46 74 84 82 28 6 97 68 59 2 93 18 40 92 86 33 60 75 4 11 13 10 18 48 27 73 23 41 18 58 29 87 41 43 64 30 87 29 47 66 68 93 86 44 99 80 83 54 74 8 12 36 63 14 40 12 75 1 7 51 6 4 27 77 62 15 28 21 80 70 42 61 34 64 61 98 85 24 78 20 9 90 53 65 43 63 70 78 27 45 76 76 69 31 91 81 78 39 12 89 76 62 95 71 2 83 8 59 92 67 62 16 2 28 93 42 33 84 38 
95 7 56 35 42 53 68 49 98 59 5 30 11 32 22 6 33 22 34 30 4 56 15 39 19 61 80 6 70 41 59 72 23 98 87 32 12 69 75 53 43 51 2 18 96 53 90 58 17 69 14 60 13 62 48 26 44 64 16 6 35 40 57 58 64 26 18 10 29 82 55 24 39 26 53 24 46 37 40 17 51 11 86 41 49 55 79 74 78 11 58 85 81 89 25 59 74 53 94 48 77 10 69 58 10 79 92 95 72 58 1 44 67 29 73 66 47 23 50 42 38 94 54 60 76 5 8 24 82 33 36 17 84 28 62 33 0 98 61 74 27 51 83 73 32 24 52 56 37 30 45 74 91 78 97 44 85 95 24 87 93 15 66 92 65 86 6 67 41 12 31 97 88 32 28 16 63 24 20 16 3 46 21 47 9 23 26 45 99 78 71 32 60 86 89 68 30 87 7 80 
27 23 23 72 8 51 65 98 98 43 19 20 37 78 93 24 11 22 63 82 87 74 84 66 13 45 45 72 82 87 43 31 91 87 96 79 53 82 48 4 59 66 38 93 28 90 86 11 80 9 42 45 6 30 18 98 94 27 77 79 40 89 72 3 92 64 7 41 66 90 9 64 26 56 50 85 24 70 2 5 39 5 99 72 34 78 76 19 35 3 22 5 70 77 14 34 32 95 95 37 51 34 57 24 54 8 44 91 52 73 85 13 10 94 49 94 0 48 36 22 5 90 55 43 4 86 81 97 1 48 33 91 62 17 79 30 30 10 83 44 41 84 74 50 61 90 90 82 73 11 88 81 67 97 71 54 31 43 56 69 75 5 68 22 17 49 21 93 16 45 69 96 3 51 60 89 46 34 20 48 29 79 64 52 15 93 58 17 12 81 89 31 47 79 78 22 97 90 25 70 
89 87 12 19 35 42 16 46 13 29 92 44 61 41 34 88 58 13 51 17 98 66 90 8 87 9 94 76 18 66 8 22 2 75 50 71 9 46 37 15 79 92 99 17 78 50 62 42 44 33 30 92 36 43 48 88 60 88 84 2 57 38 25 17 69 39 29 90 67 21 82 43 32 78 27 88 41 71 45 69 73 68 24 52 49 49 64 42 23 87 76 13 80 5 63 35 56 45 1 11 91 81 97 41 70 83 39 82 31 64 11 27 20 69 40 90 38 92 42 15 95 4 83 16 0 78 54 49 88 7 81 86 71 82 74 71 65 70 43 34 53 96 26 69 28 56 47 77 46 26 77 33 15 44 68 96 17 37 75 57 52 99 55 46 85 50 3 36 21 90 22 61 66 24 86 68 14 4 93 91 7 71 6 8 4 55 19 8 59 1 5 69 96 90 33 98 72 82 10 85 
37 93 65 93 48 11 22 40 47 64 98 10 20 83 0 2 28 99 76 81 38 64 23 32 19 62 53 7 56 81 1 6 63 42 51 93 72 5 96 6 9 11 52 20 57 38 30 38 29 97 91 53 45 63 62 43 18 2 35 67 6 35 14 76 11 32 85 41 58 37 92 22 8 74 60 6 90 31 66 47 40 26 73 10 3 41 15 54 84 59 55 64 80 81 78 68 34 16 24 13 27 62 16 45 2 35 86 37 88 94 25 62 42 28 71 62 64 69 7 93 12 17 41 3 81 91 79 52 61 13 49 6 46 18 77 46 93 93 82 98 33 96 17 71 4 47 95 50 21 9 99 64 75 73 97 71 44 46 32 57 31 18 87 33 94 3 36 62 54 59 69 72 26 56 89 27 70 71 5 51 39 67 74 37 59 98 43 89 10 37 68 54 67 25 50 90 13 41 83 10 
29 94 82 45 72 82 55 10 32 62 41 7 45 92 62 63 54 48 74 31 47 17 90 94 87 63 65 50 31 92 56 67 86 91 10 68 5 92 24 73 51 61 30 68 43 72 60 67 88 9 21 16 42 22 14 49 64 60 53 29 95 61 80 3 44 1 40 58 8 4 12 97 63 88 58 87 77 9 4 97 49 31 3 37 70 30 16 3 33 22 50 84 61 90 52 79 2 42 91 11 98 58 18 80 59 79 92 37 78 86 94 20 36 7 19 51 0 76 7 2 6 2 26 51 84 80 81 41 96 26 35 72 27 61 67 71 20 82 73 73 25 12 28 95 93 54 71 92 76 58 23 16 66 35 57 56 9 63 39 42 85 79 22 50 97 39 11 95 68 83 79 48 17 34 83 11 69 84 37 94 34 72 99 8 15 37 46 29 13 98 89 11 75 33 1 15 48 72 38 99 
4 85 78 77 2 92 28 53 37 94 19 37 57 67 18 82 65 98 0 24 90 12 40 17 97 45 85 78 5 69 98 48 62 54 27 52 20 20 73 90 52 72 47 26 96 17 74 20 29 16 45 62 10 32 6 1 22 66 63 27 49 42 64 9 32 94 91 13 72 11 56 83 77 71 59 74 11 27 79 53 76 90 17 85 67 91 83 20 48 96 69 51 88 57 99 83 38 8 34 7 3 81 87 31 89 61 70 4 39 26 84 31 46 58 53 57 44 47 9 49 13 68 14 93 15 9 26 62 43 33 42 90 35 57 86 5 95 51 82 70 60 50 68 3 41 42 50 80 33 27 54 32 24 79 12 4 1 85 25 76 92 3 8 53 66 79 31 17 61 16 80 69 51 14 58 47 21 6 75 35 94 66 30 17 16 2 23 35 81 84 71 51 36 52 93 67 55 93 7 92 
19 43 99 22 36 48 63 75 42 56 2 17 40 31 51 87 74 84 62 57 48 89 46 45 26 83 8 30 34 32 53 66 67 73 15 85 9 52 16 97 45 18 25 34 77 93 27 23 65 19 7 65 11 57 10 4 93 15 37 36 6 40 49 52 54 33 71 67 72 95 55 14 66 35 68 20 96 57 85 90 52 16 33 55 84 76 20 2 3 96 21 42 97 47 91 93 95 10 0 53 13 90 4 20 41 56 61 68 86 55 98 37 76 94 56 42 59 8 30 95 64 69 92 18 89 64 60 57 47 34 1 80 5 14 70 46 69 35 78 3 58 71 82 17 14 61 22 3 75 43 28 7 35 77 38 93 43 20 31 74 80 77 23 55 17 32 24 80 87 64 73 76 32 17 57 65 81 87 29 45 90 27 18 56 50 77 79 40 39 1 44 51 12 66 88 85 94 64 83 13 
24 52 58 58 10 50 85 53 91 57 56 10 92 52 59 74 99 57 95 61 84 68 30 11 21 3 87 69 54 76 45 37 16 4 75 70 72 58 47 80 50 80 66 31 41 81 9 61 34 42 2 68 69 6 61 10 11 23 23 25 63 54 71 49 15 65 86 44 25 97 90 36 27 97 19 61 88 94 57 22 44 69 60 7 43 27 82 18 52 75 96 32 93 58 53 34 13 35 8 25 62 31 14 6 83 93 73 62 49 4 17 40 3 84 5 70 48 87 12 68 70 51 39 97 22 35 36 68 18 90 1 84 37 45 79 48 46 41 20 31 89 26 28 76 76 9 33 90 6 5 78 4 32 2 81 79 68 34 74 4 94 15 40 43 29 15 51 84 98 56 0 20 31 91 55 97 35 43 26 75 42 8 97 58 64 4 65 99 38 32 4 45 77 89 7 70 67 27 80 3 
42 85 68 94 71 79 39 46 24 31 74 18 43 54 20 40 28 1 13 62 52 77 32 24 9 97 85 11 92 52 37 45 96 18 12 52 35 71 16 84 79 42 46 39 87 12 5 41 27 92 45 37 44 88 86 25 47 60 10 30 94 92 72 98 61 79 22 98 98 75 19 81 80 74 81 50 23 2 59 10 6 33 77 71 18 96 2 23 93 33 21 91 70 59 53 12 95 26 67 87 63 41 56 85 58 58 26 49 99 16 75 3 3 52 1 42 62 21 7 7 38 66 83 19 78 10 14 76 89 74 15 9 90 58 29 43 65 41 34 26 31 77 82 53 60 15 54 51 4 1 17 18 0 67 48 62 36 77 57 50 91 48 76 84 40 13 55 80 84 72 51 26 30 57 97 90 8 54 33 92 41 20 66 93 64 56 11 71 49 29 50 55 88 15 69 16 73 53 25 81 
13 67 26 93 99 44 82 75 32 18 37 23 42 40 18 83 31 55 60 1 28 56 30 35 90 21 96 7 86 4 5 10 73 39 67 1 44 5 22 61 53 47 50 22 39 57 7 21 74 9 54 83 19 47 58 16 91 98 68 84 20 37 40 12 80 56 4 94 36 48 98 56 48 19 1 3 25 60 8 80 72 75 17 25 76 56 12 54 95 70 62 59 16 3 56 46 75 42 93 56 10 39 23 64 49 65 78 65 34 91 66 67 69 14 97 59 59 67 64 35 81 74 65 5 55 67 89 10 45 81 14 76 77 19 29 52 85 56 38 82 43 46 71 66 41 90 51 84 0 29 33 99 61 49 84 95 52 2 11 33 9 51 15 27 24 15 27 22 46 42 57 67 88 31 2 38 47 79 3 97 6 43 94 80 35 59 63 24 87 27 92 26 83 32 79 30 21 35 70 9 
43 98 97 56 15 10 77 61 44 72 99 5 87 25 21 47 82 36 7 43 28 81 48 12 92 24 81 14 58 64 57 45 75 78 68 83 47 17 20 83 72 90 73 37 14 73 85 1 91 48 67 10 25 47 2 97 66 94 70 99 59 86 13 82 8 64 39 77 1 5 89 59 5 2 24 36 23 98 54 39 17 70 55 88 61 85 22 14 34 97 0 35 71 32 74 88 76 35 45 64 4 89 3 21 95 96 16 64 37 67 98 86 26 43 84 36 86 8 31 13 29 38 6 9 36 87 42 18 35 61 41 24 49 29 53 81 19 97 96 40 65 72 51 82 32 83 93 72 27 11 12 59 46 89 60 22 69 32 56 72 11 44 30 97 18 25 10 28 78 10 64 86 9 83 88 69 94 45 33 55 79 57 38 61 80 66 62 12 63 83 83 99 90 26 50 52 52 8 40 85 
38 39 3 45 97 61 89 30 66 98 26 91 8 87 17 1 4 33 16 88 62 5 27 92 82 46 54 65 91 96 96 64 46 93 23 27 34 79 65 71 92 60 58 73 84 38 44 46 73 85 88 88 45 31 94 34 40 71 81 2 86 97 68 41 67 78 5 43 42 5 14 58 7 6 53 63 12 39 21 27 98 30 51 18 99 15 35 14 33 93 18 76 13 83 24 56 30 83 32 78 78 36 29 80 64 73 59 22 61 10 9 28 36 18 85 78 80 66 63 78 28 4 76 18 41 63 37 4 15 16 71 75 1 93 57 43 75 72 55 6 95 65 49 38 87 21 69 98 74 55 52 9 56 6 2 94 19 37 77 11 79 28 48 20 39 22 43 37 0 74 93 54 47 51 10 61 90 73 25 57 50 57 60 46 70 78 72 55 6 29 11 66 22 17 83 79 31 54 20 31 
91 14 84 67 67 26 1 80 32 7 26 11 38 71 30 49 25 79 76 85 18 30 79 26 36 51 89 69 21 47 45 76 49 7 54 93 29 45 31 54 10 80 3 3 23 73 78 20 39 68 42 40 75 20 56 85 77 33 51 3 28 61 6 34 57 16 11 40 35 58 69 76 80 94 65 40 48 46 83 38 81 81 8 60 44 75 86 15 72 65 96 15 19 63 82 15 12 46 88 21 58 82 94 18 59 37 99 96 97 42 41 46 64 96 9 26 92 27 50 27 85 57 46 74 7 78 5 19 60 35 90 19 20 6 14 69 70 11 40 40 93 50 62 43 24 46 0 3 61 38 98 25 34 66 87 92 55 97 95 54 2 20 15 18 52 39 37 69 33 52 66 93 22 89 68 76 47 71 71 44 4 11 16 58 63 4 53 77 13 75 17 59 27 78 73 2 43 40 74 67 
73 30 8 19 16 32 98 52 87 5 0 59 17 16 22 54 48 75 15 33 46 1 76 93 52 1 86 47 31 14 99 82 24 85 19 41 11 31 21 97 25 38 41 53 65 85 79 3 3 58 34 6 23 57 83 17 37 96 82 27 64 32 70 89 85 93 39 3 67 50 61 12 10 16 40 3 49 57 38 4 36 71 75 85 89 16 13 30 12 89 27 1 54 64 1 24 95 5 4 80 14 64 57 39 30 7 20 95 69 94 84 51 33 47 47 19 71 63 51 89 81 82 43 69 58 81 97 58 45 35 59 48 29 49 32 58 42 88 66 10 18 4 44 85 63 44 93 54 92 59 7 10 96 49 6 46 68 36 88 32 53 13 90 37 5 52 74 40 77 8 91 77 94 85 50 35 2 16 35 16 28 60 62 55 55 90 56 83 72 70 80 58 78 7 60 97 26 28 9 43 
96 4 22 61 87 89 49 15 37 12 74 4 92 19 2 29 6 27 52 25 24 88 63 10 75 55 10 48 35 6 82 62 25 71 77 23 60 54 80 81 86 18 85 19 69 31 51 51 7 28 3 33 79 41 36 15 21 96 78 29 38 16 64 67 95 91 94 62 8 10 14 97 72 50 88 86 20 10 23 39 50 34 45 82 58 6 57 17 33 19 18 38 11 26 12 88 59 96 0 19 61 81 19 21 30 32 43 95 98 56 34 34 31 23 76 27 16 56 99 63 27 30 5 11 68 86 29 78 93 3 40 69 28 45 67 56 89 76 9 57 17 58 13 73 26 69 83 26 70 32 56 20 54 16 55 54 71 21 66 76 65 40 44 92 32 29 81 70 62 1 15 19 91 98 46 62 47 30 39 84 97 23 41 27 1 34 90 26 84 47 48 14 42 51 4 79 53 87 73 44 
95 48 57 2 60 92 91 46 82 23 14 46 45 6 80 4 4 27 44 95 16 40 51 62 24 10 39 97 79 58 98 32 48 83 96 34 8 53 33 50 21 15 23 11 3 67 78 91 38 65 58 22 49 34 67 47 94 4 75 14 87 59 12 71 53 3 83 29 2 88 63 16 19 96 11 77 9 97 15 29 13 38 56 26 31 1 32 91 28 78 69 48 73 13 50 61 40 50 47 95 93 4 17 97 89 9 59 67 30 67 37 23 81 90 70 35 43 3 74 65 72 89 68 25 20 72 34 45 5 78 66 69 65 87 61 19 54 38 62 86 84 63 10 24 86 36 6 5 90 5 22 90 46 65 7 45 52 93 35 12 36 47 77 19 29 53 27 41 1 39 76 2 41 42 92 56 42 1 85 73 64 90 99 46 88 40 55 42 97 96 18 31 26 65 25 82 0 95 71 34 
15 10 98 84 87 11 90 42 0 50 54 29 73 9 62 89 4 68 6 62 18 64 84 23 3 32 70 89 12 26 37 30 69 41 76 22 55 84 5 5 38 82 43 23 45 55 11 97 58 82 48 90 16 99 92 71 24 74 96 38 71 10 81 16 32 60 56 53 13 48 47 75 78 20 49 72 99 21 79 34 26 50 7 47 52 4 31 51 50 13 28 85 57 19 80 61 85 65 29 81 42 95 93 92 89 66 19 76 33 66 10 80 74 1 86 48 59 42 20 53 30 65 72 10 40 32 77 77 39 95 88 78 21 12 27 91 36 86 14 94 51 28 1 13 63 39 97 19 82 5 94 18 95 55 9 79 8 12 61 47 41 63 17 2 75 51 68 33 53 14 25 61 67 54 46 67 83 98 65 1 60 69 22 4 64 85 91 3 34 47 23 58 35 86 2 40 66 45 44 8 
65 62 73 2 7 70 77 4 64 20 35 54 2 39 83 80 19 57 6 6 58 78 45 2 96 85 82 73 55 3 34 8 17 51 39 37 81 9 41 68 90 71 52 91 79 24 24 50 15 77 61 63 44 32 31 27 89 98 33 29 62 15 68 48 22 78 66 11 95 54 4 2 48 67 94 23 88 28 26 5 36 45 27 77 70 69 76 89 47 92 80 4 28 67 13 80 99 37 9 39 50 97 0 26 74 56 25 74 60 68 56 6 38 67 97 23 69 81 11 53 75 52 43 15 51 78 92 32 30 45 29 62 8 1 91 31 1 79 10 12 46 2 3 57 42 80 53 29 14 97 87 80 32 95 12 69 63 1 84 97 67 50 21 52 49 86 86 1 5 34 72 54 71 79 54 27 93 42 78 49 40 51 37 65 98 20 59 91 18 47 16 68 85 70 20 43 23 84 57 85 
53 11 30 62 69 74 15 65 58 68 47 3 80 43 48 70 62 76 45 65 77 7 1 37 21 39 36 55 27 37 98 7 66 1 22 6 60 37 17 87 32 59 84 97 73 94 25 77 87 73 75 90 16 60 43 52 68 39 88 30 33 55 50 29 55 60 31 21 19 15 5 42 61 25 82 90 95 92 92 66 11 32 71 58 38 78 78 2 24 70 83 12 0 34 49 16 67 7 57 24 74 96 97 16 54 3 72 44 42 97 20 52 34 47 9 13 79 89 40 74 4 11 52 36 2 56 81 22 29 34 94 87 65 55 93 70 7 81 14 24 23 67 90 42 44 63 51 82 28 97 46 42 8 33 39 9 18 52 41 19 13 73 85 43 86 55 59 35 56 39 10 23 70 53 3 65 63 96 76 12 89 69 6 73 35 10 96 54 99 32 91 85 64 55 37 74 26 45 12 55 
93 35 61 81 95 99 54 33 86 3 8 60 74 8 78 70 24 21 65 77 82 88 89 25 10 23 36 70 23 36 30 41 27 24 45 45 14 50 66 4 47 38 21 82 20 44 3 3 19 30 33 51 9 73 5 21 25 51 1 8 70 40 52 1 11 55 6 60 53 98 41 35 31 26 69 83 76 8 99 51 58 35 49 27 16 63 32 38 71 53 48 92 38 74 67 99 22 59 44 4 13 6 81 68 97 74 59 54 75 4 50 65 84 63 34 55 63 88 83 83 60 17 94 7 96 42 12 71 68 28 92 36 29 78 79 61 15 11 17 24 37 63 7 2 55 65 88 16 0 15 35 27 87 68 43 94 72 38 42 76 26 93 90 65 85 54 56 76 57 26 62 67 40 83 91 17 98 18 28 98 73 14 64 89 2 18 77 59 80 56 18 15 4 23 51 14 39 3 46 85 
25 53 65 22 37 30 77 98 29 86 87 88 88 39 43 79 56 61 74 62 58 82 57 21 55 34 50 99 98 95 18 27 10 46 19 19 73 65 52 57 2 55 89 91 17 80 15 20 54 55 93 88 97 53 78 82 26 99 99 81 5 49 47 29 3 22 61 39 70 39 72 76 24 49 1 7 82 79 90 19 42 5 21 83 84 72 68 6 27 60 79 9 33 32 36 54 0 91 64 8 30 35 75 32 59 22 23 10 9 91 80 67 22 64 45 8 16 44 95 18 6 18 7 73 39 13 20 1 86 37 12 7 71 14 46 70 4 21 63 75 14 33 40 12 51 70 28 6 67 90 38 40 76 69 44 65 8 86 48 8 85 41 62 79 53 42 81 67 69 55 60 74 49 60 31 42 66 42 92 75 34 80 91 69 32 49 13 3 11 56 83 41 96 96 35 14 94 89 41 4 
7 20 86 51 93 19 58 12 9 3 1 24 59 98 48 64 46 4 67 58 26 99 65 33 38 60 37 28 20 88 73 52 19 73 82 47 76 67 50 8 72 23 64 56 97 2 29 53 61 26 11 92 54 99 51 3 40 15 0 93 22 8 47 93 2 73 5 24 14 73 55 41 70 69 79 50 44 31 33 26 31 4 34 97 18 12 8 50 60 52 39 29 96 13 91 39 89 30 87 81 63 84 35 34 62 64 6 37 3 45 41 41 15 54 75 64 13 56 36 84 10 16 56 89 80 49 25 12 90 39 21 51 17 49 84 88 98 64 12 78 49 34 71 32 27 91 4 36 74 96 43 94 16 64 68 50 45 63 32 87 42 93 85 14 94 82 99 63 66 78 30 27 69 17 57 62 77 65 23 90 24 34 95 35 52 68 78 89 53 64 92 9 88 70 81 27 28 56 83 46 
90 84 60 63 46 59 40 92 92 72 21 77 68 70 97 16 33 34 95 23 17 15 45 59 91 40 88 6 52 48 28 92 80 69 25 11 59 49 26 39 8 95 61 61 18 42 55 35 0 92 76 53 20 30 36 67 79 47 87 84 51 31 69 62 49 4 23 32 50 45 27 56 41 21 48 33 53 24 32 59 57 9 31 10 22 52 83 77 85 93 81 53 6 84 16 73 19 33 63 86 82 88 56 15 37 49 11 44 44 18 10 12 64 81 66 67 86 44 72 96 99 55 12 37 30 70 7 71 71 46 93 70 1 29 43 64 38 89 34 51 2 5 42 70 47 86 29 42 15 89 14 24 70 58 9 89 78 26 77 35 3 7 4 90 5 70 84 38 58 70 96 70 35 85 62 59 39 77 54 90 13 23 65 67 24 71 75 12 67 24 98 35 73 15 94 38 74 49 89 41 
69 90 36 21 73 14 89 50 14 80 92 53 75 62 46 47 18 6 0 94 34 24 99 90 79 97 27 76 45 26 65 78 53 29 19 36 22 32 97 91 60 78 3 48 39 96 63 13 83 47 61 50 95 57 43 98 56 88 91 36 77 77 59 65 87 51 64 67 57 38 96 11 51 47 20 40 68 17 52 17 85 35 44 69 86 71 94 49 82 23 93 99 78 57 88 70 21 75 6 9 66 74 98 60 15 28 40 32 9 42 5 7 28 16 35 51 30 80 62 84 25 11 55 97 2 53 48 13 84 65 33 35 47 49 42 39 10 93 17 72 4 68 8 3 74 60 50 11 76 92 16 97 49 99 1 8 72 85 80 42 11 11 23 35 70 93 41 46 81 20 38 26 7 98 32 31 90 85 71 40 12 47 37 66 26 63 31 66 58 5 29 58 13 71 54 9 67 23 24 41 
15 2 65 91 75 51 62 62 90 97 81 84 76 63 39 37 82 75 34 65 41 50 87 39 20 99 45 97 59 70 35 23 68 20 55 55 13 38 26 4 88 25 6 94 18 60 74 90 58 84 21 62 57 4 33 56 1 53 79 82 24 22 48 35 66 40 53 68 73 65 44 57 27 36 5 19 43 22 4 29 11 11 37 39 50 16 42 41 51 32 67 20 64 59 91 37 83 61 23 39 86 12 46 97 17 60 70 39 9 91 38 5 54 31 89 95 85 92 19 78 49 81 3 91 12 13 80 59 10 31 93 14 30 83 36 82 25 61 71 23 32 37 56 62 2 97 78 10 94 89 47 80 97 55 72 8 29 79 28 12 77 4 60 52 7 65 40 24 61 10 92 62 0 95 98 81 31 34 8 39 95 49 16 7 14 50 63 67 69 51 52 69 99 36 22 47 84 59 96 52 
57 56 88 25 14 17 41 63 56 9 19 30 99 75 68 22 32 42 63 83 59 69 44 90 71 88 60 20 6 30 82 39 39 20 11 35 22 79 52 35 0 66 15 15 42 56 21 60 61 72 45 52 43 14 85 2 96 16 49 59 2 5 72 31 47 55 28 70 16 49 91 70 40 92 37 40 12 13 34 14 30 49 81 30 3 50 78 77 20 81 8 64 89 63 79 21 46 21 84 29 98 10 66 25 95 60 24 93 90 24 53 48 26 52 62 8 4 30 92 37 51 4 76 32 70 10 94 77 25 45 35 37 93 89 23 60 75 59 18 42 77 48 38 30 86 22 17 23 55 15 74 14 67 10 97 68 27 95 9 42 31 29 29 44 13 23 50 61 83 57 87 45 48 98 73 30 33 27 58 13 64 50 69 55 10 23 80 25 5 51 65 55 1 9 36 87 7 21 54 48 
55 55 73 22 68 47 95 50 54 86 40 11 47 43 93 26 1 31 10 18 71 59 0 84 59 33 61 73 37 20 75 34 39 92 32 65 34 87 63 37 5 9 28 20 6 11 17 21 8 11 67 96 72 94 36 91 96 92 21 97 78 28 2 55 13 89 97 34 56 61 48 10 81 58 33 86 74 86 99 87 14 18 79 74 89 64 31 12 46 22 98 80 53 5 60 95 65 6 64 35 80 47 85 68 43 60 69 20 18 14 86 6 42 20 20 6 7 46 9 79 11 32 83 82 12 7 94 74 26 54 82 20 15 99 91 55 16 78 35 35 76 26 3 23 90 87 22 86 77 25 30 98 24 1 27 16 45 33 19 50 62 35 50 34 88 66 29 47 70 48 58 52 57 33 38 77 25 38 51 65 4 58 84 71 87 14 66 85 44 13 92 85 49 86 41 15 23 68 52 32 
25 83 82 80 4 81 66 10 0 12 6 31 27 38 14 78 75 44 13 18 49 60 94 58 34 16 51 24 88 57 85 8 95 41 31 39 98 28 11 56 55 37 69 34 28 39 23 69 40 52 76 76 97 87 61 91 54 13 47 4 12 32 92 58 89 62 63 83 33 48 81 41 29 36 9 68 67 28 19 12 30 1 15 67 84 98 10 41 64 84 52 34 99 86 7 75 22 93 8 83 41 66 59 93 90 47 32 58 48 64 21 61 96 49 37 35 70 92 5 84 87 57 38 31 39 50 73 53 18 11 74 74 45 8 53 14 72 12 71 50 50 19 46 89 57 67 20 10 78 75 86 49 60 75 42 66 83 37 43 77 17 94 24 60 93 38 91 52 80 61 56 29 44 73 77 62 1 19 65 99 58 95 3 2 68 39 16 70 79 90 36 10 2 60 62 21 26 40 35 17 
86 85 10 67 73 59 59 20 33 63 17 9 57 62 97 80 87 62 56 32 29 73 65 2 37 26 68 34 11 67 55 62 19 13 12 46 81 42 93 43 47 18 16 61 98 64 31 70 3 36 35 3 0 37 72 32 18 98 50 9 78 24 60 11 13 76 20 51 90 32 26 45 94 7 96 50 61 2 23 80 14 6 38 10 36 94 7 50 43 12 75 46 6 73 25 34 82 80 2 46 42 82 99 65 62 65 9 61 49 37 27 59 66 6 4 10 5 81 80 56 84 60 74 71 15 50 83 56 45 19 69 83 88 3 92 99 91 98 46 74 41 77 89 14 54 14 79 11 76 71 48 5 70 67 51 54 34 28 53 52 39 33 22 38 63 46 52 21 21 94 58 76 64 2 32 85 1 33 28 12 8 72 71 12 67 58 85 86 40 10 44 64 24 16 95 1 30 89 77 14 
14 73 20 72 95 73 61 21 50 94 93 69 58 28 73 19 55 58 8 71 1 26 10 47 63 91 27 63 72 36 65 57 82 2 66 49 3 61 23 31 78 63 79 66 67 70 11 63 19 80 87 31 21 18 69 90 35 29 81 79 49 25 68 95 0 16 24 56 92 31 34 49 52 88 22 96 91 8 31 74 44 54 39 42 77 12 5 41 9 69 60 88 57 18 18 25 32 71 80 67 37 69 43 72 26 84 88 35 30 48 46 30 28 84 42 82 45 39 16 2 40 14 59 15 47 38 98 74 53 86 62 66 99 43 33 29 48 22 70 18 54 55 84 19 7 40 75 31 17 31 56 41 74 49 86 66 12 77 2 82 29 33 15 48 97 80 96 56 83 90 4 28 76 77 25 72 89 58 6 29 85 72 64 3 41 61 94 37 51 10 71 66 13 45 36 66 38 62 90 21 
29 61 51 69 52 74 76 5 84 57 83 38 31 12 40 99 6 30 71 40 12 5 63 46 90 69 49 27 7 73 77 80 58 4 39 61 72 54 75 77 19 9 94 95 97 13 2 53 30 2 16 68 87 30 22 41 88 27 18 12 47 21 11 78 37 47 89 75 8 19 36 96 42 96 59 89 13 23 81 23 3 5 20 49 86 47 33 28 5 26 50 41 61 82 98 82 78 90 1 96 67 50 35 30 66 41 92 50 82 76 91 44 44 34 73 7 48 66 95 18 38 44 28 38 99 89 41 24 34 30 21 27 17 32 74 34 54 3 46 40 9 83 80 19 79 53 27 98 14 91 26 70 43 56 65 91 45 30 4 32 23 38 70 78 24 14 0 74 68 5 10 91 53 29 93 62 62 67 69 30 60 50 57 7 15 57 85 99 25 99 55 32 96 37 56 32 64 89 32 89 
63 72 11 98 77 68 54 69 71 41 68 77 29 2 15 3 27 4 17 76 72 56 47 3 51 54 65 92 44 91 74 37 60 51 10 19 26 75 53 73 92 36 70 87 80 46 50 18 6 66 58 68 40 55 8 59 14 5 57 36 4 42 59 35 39 90 16 87 9 90 32 5 64 56 38 20 94 62 37 19 19 96 82 63 91 90 67 76 69 44 55 97 95 76 96 49 22 33 2 53 62 6 34 9 46 21 0 87 1 76 21 97 33 62 87 44 45 42 81 91 35 97 41 79 88 28 23 60 61 82 12 84 42 30 5 99 49 96 7 68 75 68 20 76 43 33 89 86 13 38 83 62 36 15 93 64 97 49 28 51 73 50 24 40 79 9 66 59 30 61 90 71 56 29 76 84 52 94 99 30 84 63 86 88 3 78 85 64 48 40 31 91 25 42 98 40 78 31 18 25 
78 28 58 94 15 12 40 59 3 23 14 69 64 38 84 13 66 83 92 14 61 6 36 37 48 36 19 12 28 4 55 16 37 3 44 30 50 74 69 72 18 44 46 94 98 83 13 80 35 36 67 70 89 33 62 42 42 88 9 58 96 44 31 29 45 80 75 49 94 93 80 77 91 69 99 71 5 49 63 34 22 94 32 24 54 75 49 29 68 70 11 68 57 27 76 45 29 56 85 87 33 6 82 6 81 41 90 27 25 90 74 91 79 46 1 44 87 55 71 36 97 24 70 53 73 49 23 57 56 74 88 15 17 1 4 31 72 3 60 77 51 82 52 67 16 96 86 28 21 60 20 30 27 80 26 63 65 54 39 64 6 74 95 25 30 71 41 73 34 47 8 97 10 91 53 48 43 61 83 29 93 63 59 25 2 32 7 44 38 21 12 20 47 17 24 86 0 79 77 43 
82 85 63 31 67 43 53 57 55 90 70 30 21 33 6 69 99 81 83 11 52 63 0 52 87 41 22 62 45 98 48 34 74 3 72 67 93 52 50 42 15 57 79 9 23 52 32 86 56 3 4 22 80 37 12 5 59 76 13 1 26 64 65 66 8 57 58 71 28 61 41 82 95 79 2 24 49 93 30 53 86 86 11 62 69 95 51 26 17 57 62 46 14 28 37 18 60 70 33 59 24 60 97 23 91 56 94 96 7 56 1 10 20 61 85 92 68 86 73 33 57 83 61 65 96 20 66 51 36 32 43 69 9 68 29 32 46 8 25 63 3 86 40 63 98 50 19 36 78 77 39 85 42 87 81 8 44 97 35 4 18 82 90 86 10 6 77 43 34 72 47 2 76 5 89 49 5 28 27 76 84 94 88 99 31 12 54 22 16 64 92 60 75 11 38 80 64 18 71 68 
52 15 81 89 35 49 9 95 44 40 8 79 20 44 41 59 63 87 29 88 21 48 45 44 42 43 67 11 84 75 62 6 3 46 86 18 36 4 37 56 58 44 53 15 97 40 39 44 71 79 47 1 10 32 18 5 46 92 74 76 23 78 34 45 64 61 7 49 76 26 99 36 14 94 1 80 17 49 48 53 38 4 22 51 43 82 65 36 80 76 87 58 96 34 79 70 83 19 50 85 5 69 28 87 26 38 16 5 49 88 54 66 78 3 15 10 59 28 93 18 2 78 31 7 57 83 27 75 11 39 68 24 90 10 61 13 56 42 88 2 89 61 77 26 33 11 95 89 73 39 32 80 30 88 94 13 51 92 69 11 92 62 6 42 75 3 72 6 91 36 4 49 24 98 40 40 98 59 0 15 60 83 25 12 12 48 85 1 66 76 82 32 55 1 70 81 19 53 13 70 
15 78 4 75 45 7 21 82 88 31 55 75 92 13 24 9 76 11 41 49 60 15 50 57 19 84 43 77 78 80 16 41 46 82 32 68 56 64 99 50 48 39 82 64 38 88 8 9 3 97 93 99 85 27 35 48 37 18 79 49 81 50 63 26 14 54 73 80 77 77 23 66 11 87 44 27 65 47 97 68 13 75 40 31 91 25 71 49 18 85 70 86 29 12 7 26 53 82 34 78 1 93 25 87 69 74 61 26 83 60 5 76 89 3 62 98 84 72 52 52 57 73 30 75 20 28 51 1 12 51 42 79 66 13 33 14 10 27 22 14 27 5 49 58 58 32 39 38 28 67 90 70 0 86 74 28 87 94 95 33 47 83 17 67 9 18 67 20 98 4 68 84 94 22 54 8 36 91 2 89 72 25 64 8 75 69 59 85 31 46 96 64 6 18 80 12 26 43 86 78 
84 65 25 20 99 53 57 32 61 49 60 25 16 10 34 43 0 30 33 3 62 99 35 29 76 50 89 99 14 53 3 65 7 23 32 49 67 91 27 1 45 86 23 7 58 68 19 71 41 89 91 13 65 19 74 31 40 94 47 78 96 43 75 16 38 56 79 76 9 1 73 11 44 24 72 13 52 62 87 55 63 43 37 24 94 85 82 20 21 6 2 44 24 49 54 41 80 67 22 47 29 25 28 86 5 6 43 6 90 30 51 68 83 92 66 15 55 80 10 29 69 72 70 22 78 41 86 49 48 36 71 97 88 80 17 23 53 77 20 4 46 51 77 34 49 10 50 96 6 74 11 80 8 65 31 75 30 14 81 83 4 13 39 78 56 61 92 43 15 58 64 69 95 56 98 15 97 89 26 22 13 21 1 89 18 16 59 59 68 83 93 20 36 33 42 11 85 67 12 90 
67 46 16 44 25 78 4 36 72 56 10 15 45 91 19 66 83 4 34 91 89 36 62 20 94 61 59 45 75 74 65 72 2 22 47 35 51 67 87 66 5 72 3 94 27 84 26 35 11 60 69 6 8 13 40 39 28 30 88 32 92 12 57 84 50 79 98 99 18 87 41 91 68 19 49 38 9 73 58 57 84 83 46 11 91 63 73 49 90 34 79 86 82 62 33 25 97 87 80 45 70 63 6 35 12 43 30 71 7 46 76 89 1 98 23 88 43 10 24 29 32 41 15 21 63 19 37 94 42 40 39 39 93 29 54 62 22 15 55 89 29 26 99 27 52 2 66 71 78 3 35 69 20 40 13 3 85 83 61 43 17 90 64 95 44 74 77 39 86 96 0 49 53 4 21 58 96 82 81 48 60 77 38 54 71 8 74 14 14 52 95 5 48 16 56 74 31 31 36 33 
29 11 39 74 73 81 11 20 43 76 26 21 74 37 66 82 88 3 2 89 69 23 87 21 42 6 28 57 72 4 62 96 6 95 14 65 71 32 21 84 82 42 10 17 80 78 49 61 40 72 41 26 0 17 24 82 60 1 96 16 1 11 47 55 13 53 37 5 86 68 90 37 18 89 27 3 93 27 16 12 65 53 94 29 91 33 44 1 63 1 99 37 92 63 97 29 64 90 85 13 81 21 83 12 95 2 50 7 46 95 89 21 48 5 59 8 77 56 36 67 5 72 22 38 57 29 78 3 3 12 38 42 7 48 17 58 45 65 76 86 35 77 31 41 79 13 67 56 15 16 51 93 54 53 98 73 19 29 53 74 25 95 84 99 9 77 32 71 20 89 30 4 4 53 8 21 56 12 58 86 52 84 68 90 61 59 23 63 33 61 12 41 75 31 55 33 70 22 34 74 
76 95 99 56 89 56 79 17 77 77 7 24 21 77 96 48 55 75 10 73 85 55 29 80 57 13 4 29 78 82 38 88 75 27 49 77 0 74 19 47 11 5 33 18 31 41 16 20 35 95 83 40 74 19 70 72 97 48 45 27 84 72 93 60 72 62 18 28 54 65 46 43 22 70 51 10 43 1 95 47 86 21 73 22 81 41 6 56 90 86 27 48 25 53 50 23 56 66 20 9 62 7 8 82 44 45 37 22 15 58 1 25 48 91 3 97 12 83 36 52 67 52 47 97 87 86 82 63 14 4 5 84 32 33 26 39 91 31 88 50 42 51 59 31 52 56 2 88 66 22 65 86 41 65 34 7 53 24 40 69 39 23 17 96 23 93 61 24 94 11 69 15 60 57 24 81 9 56 58 97 64 7 71 47 68 22 28 85 13 96 80 48 30 82 98 44 63 30 92 49 
17 76 74 17 9 58 89 26 72 90 36 77 39 63 34 87 51 74 10 35 55 60 68 90 94 64 13 68 46 28 47 5 59 79 65 71 19 42 2 71 86 20 71 86 85 88 93 47 76 62 23 37 54 87 82 47 90 97 21 24 56 2 38 67 67 28 97 98 88 66 30 42 40 46 58 23 81 94 7 25 18 89 61 3 1 38 3 76 32 76 24 96 83 79 5 19 69 36 70 87 80 6 28 9 25 18 29 32 45 37 63 55 0 3 11 15 99 12 33 45 27 71 43 73 41 17 79 41 44 71 52 88 20 43 16 59 15 37 87 22 84 21 57 77 22 66 77 46 62 52 12 19 50 12 64 87 8 22 37 41 42 29 92 6 14 4 53 79 49 78 4 21 31 27 26 16 35 54 6 60 98 96 66 39 73 82 91 15 75 22 78 29 60 64 95 92 96 68 48 60 
47 37 79 10 64 47 62 68 59 74 41 28 56 3 5 71 46 59 31 94 36 60 51 98 49 77 18 9 91 57 34 21 85 74 12 19 68 74 29 19 87 7 60 38 2 63 11 69 50 13 32 56 67 53 86 58 6 2 73 93 13 90 35 6 38 66 22 76 70 60 21 85 97 46 83 75 0 34 76 33 61 94 66 50 74 20 89 4 39 28 28 60 96 74 69 90 93 51 40 67 84 88 81 11 1 35 92 87 78 14 33 85 20 12 72 21 71 23 9 37 80 12 19 88 27 98 16 33 7 76 45 30 23 89 75 91 77 3 24 97 10 71 44 73 17 16 26 15 63 98 8 71 65 19 15 65 88 89 48 2 37 61 30 86 57 71 4 76 14 88 55 32 82 31 53 50 94 25 42 84 54 79 95 34 52 59 98 75 99 78 3 9 25 59 58 93 90 69 43 38 
44 65 1 96 82 67 42 74 66 41 64 61 2 68 49 11 10 24 67 25 48 86 40 77 11 21 86 50 8 72 91 68 19 91 16 72 72 65 71 52 24 45 76 5 99 71 80 68 96 25 58 37 63 27 54 23 53 26 35 2 55 36 21 20 5 65 83 61 22 27 26 35 12 50 94 45 90 80 75 19 95 5 14 57 3 70 9 95 4 46 84 36 46 88 98 42 17 49 52 23 79 63 20 77 15 47 47 88 62 7 36 29 31 64 69 23 88 42 59 33 43 65 78 92 97 80 39 49 65 3 87 83 74 20 33 63 0 78 61 85 25 67 73 47 38 48 92 57 81 84 70 63 34 48 29 70 28 85 27 93 23 1 45 63 68 87 51 29 93 90 57 80 89 14 60 41 50 73 41 22 85 93 18 6 13 81 6 19 56 62 37 62 32 85 77 25 30 70 7 10 
41 40 55 57 70 95 27 33 96 72 87 31 45 55 83 36 3 92 60 72 21 80 20 39 47 3 69 86 46 29 18 20 68 56 64 68 0 49 30 35 88 58 72 90 33 52 59 97 84 95 23 94 5 32 7 56 28 71 14 83 67 98 43 5 2 97 22 85 63 31 16 5 17 16 97 19 75 75 11 50 15 23 73 63 8 89 54 65 91 24 34 80 29 58 35 41 80 34 58 94 6 63 44 8 81 75 4 60 62 42 89 38 24 3 86 73 42 79 51 36 19 71 49 65 74 26 78 59 71 54 50 69 95 86 40 86 65 43 76 7 61 35 57 86 98 99 37 94 85 99 32 82 48 70 90 53 1 74 77 58 39 70 79 50 31 37 53 90 36 22 52 9 25 98 12 30 38 94 13 43 66 71 82 63 10 65 26 15 56 39 99 93 93 97 92 67 94 5 9 61 
22 64 53 68 64 2 59 31 25 17 88 7 50 10 36 65 70 63 26 92 5 90 91 85 96 81 52 32 94 62 30 5 0 21 79 5 12 49 76 36 9 9 98 31 18 77 73 49 77 24 13 67 41 66 37 37 44 82 4 69 48 63 40 4 46 62 69 52 16 66 93 67 39 73 42 87 95 28 45 43 67 13 38 18 89 73 68 69 83 20 8 97 80 73 51 64 90 8 27 13 85 85 66 30 32 80 35 64 65 18 33 72 28 66 82 72 34 28 43 13 3 17 63 55 60 17 86 42 19 58 20 87 61 36 21 87 87 27 62 23 2 72 97 49 75 79 31 30 47 17 58 57 78 56 11 82 57 4 6 66 55 6 92 62 15 78 24 78 1 62 71 17 49 43 29 18 74 53 72 16 14 66 84 20 54 69 10 49 56 4 23 34 99 89 17 23 81 69 7 12 
35 59 91 50 3 57 26 85 60 16 99 55 70 82 13 61 27 5 4 36 75 71 23 19 12 96 30 9 64 85 20 88 90 3 62 68 44 52 0 29 15 29 37 22 24 10 1 9 97 65 87 23 96 34 86 73 8 34 6 85 7 40 16 73 79 15 72 51 59 91 2 1 39 43 17 7 54 63 14 7 10 18 63 62 25 97 50 49 93 4 40 71 45 68 47 51 58 42 38 40 56 32 11 92 68 11 66 46 61 99 22 1 29 93 31 46 36 12 21 11 94 82 65 56 88 39 53 84 84 43 71 77 41 22 52 23 67 47 83 43 48 98 73 38 81 92 46 72 85 78 5 70 98 47 74 32 80 84 19 84 9 63 69 95 43 59 78 26 32 14 95 80 92 53 76 72 89 9 57 89 34 30 51 35 28 34 18 52 77 87 55 97 82 34 33 73 49 68 42 31 
40 92 59 8 60 87 15 22 90 42 34 17 17 61 96 25 75 5 98 46 79 63 23 74 11 72 61 23 92 50 39 55 74 91 28 48 85 7 89 47 37 35 58 93 32 9 86 93 82 86 88 32 73 92 55 46 5 30 47 97 12 82 3 36 30 57 91 7 69 51 36 76 8 95 67 80 83 49 33 3 25 98 65 59 63 30 70 39 19 32 66 65 48 86 93 98 56 59 84 72 68 1 6 24 77 77 72 74 50 82 21 98 42 21 31 35 41 54 10 89 38 63 0 95 7 98 43 82 24 58 18 46 46 74 78 19 29 35 57 90 16 54 81 50 45 67 64 8 4 76 13 29 51 67 71 14 9 75 44 55 2 15 94 35 26 42 22 17 35 12 1 91 52 52 27 44 80 78 49 63 97 35 20 88 54 32 99 2 95 75 14 68 53 53 76 28 87 74 62 48 
96 45 2 73 91 5 8 18 29 32 52 7 72 28 92 18 48 54 53 91 3 93 11 83 41 11 84 81 95 14 79 29 74 57 39 4 40 98 9 95 22 28 46 56 27 83 36 29 97 65 38 21 90 6 56 26 10 52 13 35 78 46 16 26 33 64 60 45 69 85 24 40 34 25 73 82 54 39 62 59 45 87 37 72 15 63 35 8 32 96 51 74 75 60 17 39 0 35 57 74 64 22 63 14 68 71 25 68 58 97 88 83 80 78 77 82 7 80 42 24 67 5 26 55 5 75 30 88 70 45 12 63 43 25 20 75 47 84 66 25 4 97 23 13 44 25 49 23 81 55 1 58 82 17 94 73 19 35 55 14 59 50 6 65 31 31 21 11 61 41 65 14 14 86 93 69 50 1 99 95 18 6 28 66 85 80 98 84 83 78 76 11 89 55 86 49 71 29 87 34 
30 43 31 42 54 58 95 45 89 51 40 19 76 54 50 91 62 22 67 2 6 67 73 90 11 59 35 92 90 61 8 21 55 13 65 44 79 86 74 22 9 75 33 2 41 4 86 23 56 85 15 98 80 91 69 64 32 2 17 91 60 13 98 51 22 4 96 91 82 76 44 33 19 95 39 52 29 90 20 14 51 98 84 64 5 42 94 14 49 99 57 74 26 84 46 52 1 45 37 72 2 74 88 6 93 69 97 27 68 6 48 49 14 52 7 78 34 39 78 41 87 32 16 86 75 58 64 23 21 7 59 36 28 72 58 34 70 38 43 91 42 34 81 30 52 48 83 29 71 6 85 66 27 31 92 89 25 15 10 92 91 73 99 47 13 18 36 59 12 88 63 15 4 14 45 51 23 53 24 55 77 70 0 74 61 64 47 3 3 29 38 30 72 24 18 95 53 61 66 34 
96 58 14 90 72 3 70 51 84 18 37 86 53 46 95 22 3 93 93 76 71 72 58 73 86 26 60 1 46 70 15 1 56 56 57 50 33 68 29 11 38 43 73 93 62 16 75 51 7 24 79 68 74 99 39 4 59 58 5 70 36 97 43 38 17 83 44 42 9 96 1 11 90 70 80 97 89 11 69 34 45 86 2 10 49 13 61 54 82 76 27 32 88 72 55 4 99 10 50 76 11 87 77 94 78 57 23 54 64 1 22 69 52 79 92 10 24 41 8 88 94 9 81 65 51 15 20 14 6 43 18 27 67 75 41 17 76 27 0 8 83 5 35 91 31 57 21 86 40 17 4 82 98 84 65 17 63 1 26 95 32 41 10 82 85 32 68 94 54 97 30 79 97 2 47 1 28 55 42 96 16 8 87 86 91 72 25 69 66 32 13 26 19 1 12 96 34 16 48 70 
15 79 6 66 72 56 27 92 22 68 73 33 13 45 19 84 77 6 90 25 2 80 88 94 40 62 97 94 95 33 91 89 64 39 71 78 58 45 39 47 94 86 53 68 59 69 70 15 11 24 63 66 23 43 50 86 24 61 49 9 48 75 30 75 7 32 31 64 92 15 14 92 67 4 51 87 44 27 26 22 98 15 99 95 28 76 16 87 33 60 85 11 36 9 61 47 75 7 20 8 9 17 65 11 17 11 86 14 46 12 78 47 62 29 89 84 80 10 34 16 42 12 76 8 93 85 56 61 87 17 60 12 3 29 38 74 8 89 55 34 41 65 57 10 47 42 69 79 96 59 82 62 37 20 4 36 66 93 35 68 79 82 81 39 5 23 1 40 84 95 21 82 0 8 43 7 52 35 83 42 45 70 12 63 18 16 10 46 25 7 32 11 74 72 54 97 29 15 68 66 
56 39 57 81 74 82 5 58 31 79 42 14 28 28 69 40 47 74 19 95 51 18 63 61 3 90 1 14 26 72 76 42 40 23 61 12 21 7 53 41 33 22 30 10 16 61 77 13 12 25 54 21 70 34 37 26 32 1 75 44 89 58 34 81 64 68 9 34 65 34 62 64 49 62 91 97 13 96 38 51 68 31 80 11 79 57 24 81 25 30 23 19 29 71 52 89 86 45 2 8 15 8 10 18 90 16 84 4 50 10 48 65 8 64 67 24 83 77 87 63 95 44 73 41 88 94 97 73 6 22 27 52 46 13 72 42 20 70 44 7 60 61 81 66 78 55 39 6 45 43 98 95 11 85 82 79 35 68 85 28 43 35 93 21 71 58 55 78 36 45 94 2 17 36 99 92 66 54 96 72 41 46 22 58 59 46 92 44 18 84 7 85 58 3 14 7 4 91 0 24 
37 89 2 15 32 32 63 11 33 85 9 17 76 73 91 71 59 63 98 34 38 31 46 74 74 19 72 47 13 11 78 93 58 91 36 62 82 95 54 25 39 36 73 61 99 72 19 80 44 90 62 31 17 85 87 39 7 22 56 36 75 73 53 16 97 64 12 21 49 77 0 38 20 50 30 71 31 54 15 27 93 41 50 65 86 79 88 49 25 71 10 67 8 90 96 82 28 98 64 5 65 62 18 93 21 38 11 81 85 15 83 99 60 1 23 30 16 17 27 29 89 65 94 39 45 80 57 39 43 79 5 58 52 95 14 98 55 81 48 81 68 6 71 1 42 8 90 57 6 38 95 77 66 30 61 36 26 87 67 17 70 43 3 54 4 94 35 1 51 3 41 32 47 14 40 49 1 43 69 74 29 58 34 46 92 47 80 4 84 2 24 55 79 57 22 46 77 74 81 71 
92 1 7 87 85 51 95 30 53 89 89 52 78 59 4 86 47 87 57 15 66 91 37 2 67 5 49 10 21 10 80 58 19 96 14 40 11 69 62 9 16 11 68 42 75 94 15 2 38 33 10 26 93 30 64 35 30 40 42 87 73 54 45 54 55 26 39 35 9 85 23 51 69 15 18 74 71 37 74 46 94 19 76 12 17 66 58 78 40 39 24 62 48 64 86 4 88 6 98 41 33 75 90 82 3 58 46 16 61 94 2 50 99 55 79 52 77 89 32 56 35 97 70 17 82 22 59 96 25 61 29 74 12 21 54 98 31 16 27 93 6 99 56 17 83 87 20 25 41 56 44 74 43 53 52 72 60 3 34 18 84 5 72 43 22 18 81 56 91 19 36 20 13 74 63 17 0 53 28 31 97 2 50 13 51 9 1 26 5 89 26 81 87 26 65 88 96 91 8 55 
63 3 27 3 13 12 71 20 1 54 60 65 85 57 64 18 94 92 48 4 56 71 45 53 84 35 0 5 21 42 57 61 96 86 22 66 51 58 81 31 4 86 62 42 5 22 9 88 29 54 89 81 93 29 10 22 14 28 40 65 20 69 28 89 98 59 42 73 33 78 32 82 18 64 31 60 23 6 74 69 54 94 34 4 38 57 75 71 70 22 24 79 25 40 37 92 87 93 55 87 43 26 58 89 35 55 39 95 97 29 46 91 95 82 82 53 67 64 30 46 3 45 90 20 65 89 7 40 49 8 88 68 50 75 17 22 12 87 19 81 69 76 26 20 99 84 68 65 80 48 36 48 66 90 83 64 16 42 72 83 79 48 59 53 41 58 47 43 76 44 11 97 8 97 6 30 2 30 78 70 91 81 92 17 53 19 15 48 77 5 52 66 44 45 61 25 73 87 86 45 
10 70 36 6 65 29 94 55 30 14 12 33 85 66 16 14 92 7 95 57 80 55 8 18 40 62 50 46 67 92 17 30 68 53 24 19 15 1 53 98 23 81 9 63 72 62 99 10 57 15 26 73 19 75 0 80 6 84 20 97 38 42 56 61 37 6 83 60 76 24 77 70 69 78 25 11 81 35 79 38 70 61 51 90 31 74 96 1 60 60 90 76 97 84 71 72 74 17 54 27 5 86 87 84 29 71 41 90 62 27 27 13 63 98 14 3 91 57 78 66 46 38 88 58 55 80 22 24 52 50 64 76 43 6 34 12 4 26 2 14 44 35 89 38 21 55 11 33 7 42 61 77 35 87 45 59 66 19 3 84 32 85 59 63 98 51 33 18 58 29 13 2 75 13 18 1 49 25 84 54 93 19 73 83 48 71 42 22 39 4 82 68 86 68 28 88 1 80 47 55