20 20
4 25 15 75 18 75 1 76 13 38 19 62 12 38 8 59 0 14 3 13 5 46 7 31 2 57 14 92 17 3 16 67 11 5 9 11 6 11 10 40 
0 34 14 77 19 42 13 35 2 96 6 22 11 55 17 21 10 29 1 16 5 22 12 98 4 8 8 35 16 59 18 31 3 13 7 46 15 52 9 22 
1 18 0 19 11 64 16 29 4 70 13 99 15 42 6 2 18 35 8 11 9 92 19 88 14 97 7 21 10 56 3 17 12 43 5 27 2 19 17 23 
19 50 11 5 10 59 2 71 13 47 1 39 16 82 5 35 15 12 9 2 18 39 8 42 4 52 7 65 17 35 6 48 3 57 0 5 12 2 14 60 
1 64 6 86 2 3 11 51 15 26 0 34 17 39 8 45 13 63 12 54 3 40 16 43 5 50 18 71 10 46 9 99 14 67 4 34 19 6 7 95 
16 67 7 54 14 29 11 30 2 60 6 59 5 3 1 85 9 6 12 46 18 49 0 5 8 82 17 18 10 71 3 48 19 79 4 62 13 65 15 76 
6 65 7 55 11 81 12 15 9 32 1 52 10 97 0 69 16 82 3 89 17 69 8 87 13 22 2 71 5 63 15 70 14 74 4 52 19 94 18 14 
19 81 1 24 15 14 11 32 10 39 0 67 3 59 14 18 4 77 13 50 12 18 16 6 6 96 9 53 17 35 8 99 5 39 2 18 18 14 7 90 
3 64 6 81 17 89 2 48 16 80 7 44 12 75 11 12 13 13 8 74 10 59 19 71 9 75 1 30 5 93 14 26 15 30 18 84 4 91 0 93 
0 39 9 56 18 13 11 29 15 55 13 69 10 26 6 7 7 55 8 48 14 22 2 46 19 50 5 96 4 17 12 57 16 14 3 8 17 13 1 95 
15 53 10 78 1 24 14 92 4 90 19 68 3 87 18 43 6 75 12 94 9 93 5 92 8 18 2 28 11 27 17 40 13 56 0 83 16 51 7 15 
17 97 11 48 16 53 15 78 14 39 10 47 19 34 1 42 0 28 13 11 7 11 9 30 4 14 2 10 18 4 8 20 6 92 12 19 5 59 3 28 
5 69 10 82 13 64 19 40 3 27 1 82 8 27 2 43 9 56 16 17 18 18 14 20 12 98 15 43 11 68 0 84 7 26 17 87 4 61 6 95 
3 23 18 88 11 89 7 49 9 84 14 12 19 51 4 3 10 44 17 20 12 43 8 54 1 18 2 72 13 70 15 28 6 20 16 22 0 59 5 36 
8 85 5 13 13 73 11 29 16 45 4 7 19 97 10 4 3 22 15 74 14 45 18 62 6 95 9 66 2 14 1 40 0 23 17 79 7 34 12 8 
19 90 18 91 11 74 16 39 3 26 7 44 14 69 10 60 2 36 5 66 4 33 17 65 0 92 1 63 9 24 8 10 12 32 6 27 13 75 15 19 
13 49 18 75 12 5 8 19 10 53 3 85 16 80 0 99 19 64 17 32 11 63 7 73 15 3 14 67 4 30 5 93 9 95 6 85 1 96 2 92 
13 96 14 34 17 16 9 2 8 44 3 34 6 40 7 13 16 51 0 73 5 13 2 2 1 31 15 84 4 86 19 3 12 20 10 95 11 26 18 69 
14 74 0 70 5 87 19 69 12 80 6 59 8 91 18 37 11 42 2 24 16 96 10 49 1 29 17 58 9 80 15 91 13 33 3 58 4 26 7 79 
1 75 12 96 7 21 5 88 17 63 11 91 18 19 0 24 13 63 2 58 8 11 4 14 16 28 15 96 14 17 9 47 19 90 3 45 6 86 10 49