50 50
11 25 39 75 46 75 36 76 32 38 47 62 26 38 12 59 6 14 4 13 5 46 23 31 44 57 0 92 3 3 8 67 27 5 21 11 31 11 17 40 20 34 41 77 49 42 40 35 22 96 16 22 34 55 2 21 9 29 1 16 28 22 15 98 24 8 30 35 19 59 25 31 35 13 13 46 37 52 18 22 38 18 29 19 14 64 48 29 7 70 10 99 43 42 42 2 33 35 45 11 
42 92 49 88 17 97 22 21 35 56 14 17 37 43 3 27 41 19 6 23 48 50 32 5 30 59 29 71 34 47 12 39 0 82 13 35 38 12 21 2 46 39 36 42 27 52 31 65 40 35 15 48 8 57 16 5 23 2 5 60 28 64 19 86 11 3 26 51 45 26 25 34 47 39 18 45 43 63 7 54 33 40 20 43 4 50 10 71 24 46 39 99 44 67 2 34 1 6 9 95 
42 67 18 54 36 29 25 30 32 60 10 59 7 3 5 85 13 6 21 46 0 49 33 5 12 82 35 18 43 71 23 48 46 79 37 62 31 65 2 76 29 65 30 55 17 81 38 15 4 32 20 52 34 97 24 69 14 82 8 89 44 69 28 87 19 22 6 71 1 63 27 70 39 74 15 52 45 94 49 14 3 81 41 24 48 14 16 32 26 39 40 67 47 59 11 18 9 77 22 50 
12 18 32 6 31 96 5 53 28 35 18 99 49 39 46 18 3 14 7 90 16 64 21 81 44 89 43 48 41 80 11 44 1 75 4 12 2 13 30 74 15 59 6 71 26 75 23 30 20 93 9 26 0 30 37 84 25 91 19 93 29 39 39 56 48 13 14 29 45 55 13 69 40 26 36 7 27 55 38 48 22 22 10 46 24 50 35 96 34 17 42 57 17 14 33 8 47 13 8 95 
37 53 25 78 23 24 34 92 4 90 49 68 33 87 43 43 31 75 22 94 18 93 47 92 24 18 21 28 45 27 32 40 11 56 26 83 39 51 9 15 46 97 0 48 44 53 42 78 41 39 3 47 48 34 1 42 20 28 13 11 15 11 35 30 38 14 2 10 28 4 6 20 5 92 14 19 27 59 36 28 8 69 29 82 16 64 10 40 7 27 30 82 12 27 17 43 40 56 19 17 
41 18 17 20 4 98 1 43 10 68 36 84 29 26 7 87 38 61 45 95 16 23 46 88 31 89 23 49 26 84 37 12 47 51 22 3 24 44 0 20 27 43 25 54 43 18 9 72 3 70 28 28 49 20 14 22 18 59 19 36 8 85 35 13 21 73 6 29 11 45 34 7 20 97 40 4 33 22 13 74 44 45 48 62 5 95 39 66 32 14 12 40 30 23 2 79 15 34 42 8 
47 90 45 91 27 74 39 39 41 26 12 44 31 69 18 60 19 36 14 66 35 33 4 65 46 92 42 63 28 24 30 10 1 32 40 27 9 75 16 19 17 49 0 75 38 5 32 19 10 53 15 85 44 80 22 99 48 64 8 32 33 63 36 73 20 3 37 67 6 30 7 93 13 95 25 85 11 96 2 92 5 96 21 34 24 16 29 2 43 44 23 34 26 40 3 13 49 51 34 73 
18 13 34 2 16 31 20 84 21 86 47 3 10 20 40 95 1 26 39 69 38 74 37 70 19 87 5 69 32 80 12 59 23 91 45 37 27 42 25 24 9 96 3 49 30 29 7 58 33 80 0 91 14 33 13 58 49 26 15 79 31 75 42 96 11 21 35 88 29 63 41 91 48 19 22 24 43 63 26 58 6 11 8 14 46 28 17 96 44 17 4 47 28 90 24 45 36 86 2 49 
41 42 6 53 7 93 10 42 8 5 12 17 36 85 47 93 40 80 45 8 1 68 42 92 18 34 39 59 15 99 32 12 23 99 2 87 33 50 44 64 38 3 35 47 29 45 31 62 3 5 4 38 28 22 21 25 13 59 22 44 27 86 37 96 16 31 0 60 43 92 11 47 19 98 26 25 34 89 46 83 30 58 20 81 48 20 25 67 14 62 17 72 5 36 49 69 9 85 24 52 
36 93 8 50 38 79 34 55 30 9 24 25 5 15 40 40 46 35 9 74 43 63 10 10 33 68 23 90 39 74 12 18 2 49 44 23 6 57 1 82 37 10 16 3 13 18 48 59 31 9 42 98 35 14 17 71 47 72 45 52 11 15 7 82 22 80 29 77 0 14 27 25 28 35 26 31 25 37 49 76 3 87 4 23 15 94 41 66 20 29 14 56 21 89 32 61 19 36 18 76 
25 59 45 62 4 26 38 59 8 6 40 17 15 59 31 80 10 14 37 20 7 56 47 99 42 2 30 67 44 41 1 40 33 92 2 41 16 26 46 91 12 56 0 56 22 53 11 91 21 22 9 9 17 26 34 42 49 48 24 90 48 66 29 55 27 69 3 74 39 58 5 73 6 66 13 60 20 14 28 78 19 53 26 90 35 38 32 51 43 12 41 40 36 2 14 16 23 1 18 92 
42 65 3 36 36 50 16 45 27 64 48 9 41 58 6 53 44 56 13 47 10 30 28 24 43 70 33 35 1 75 17 45 22 93 39 29 46 19 21 74 32 7 26 92 14 48 7 39 45 36 4 11 9 17 0 46 40 54 23 81 38 41 8 80 5 69 34 97 47 37 2 14 15 14 18 95 25 37 35 49 20 43 30 87 29 17 31 75 19 60 12 19 37 58 11 38 49 20 24 88 
8 55 15 66 16 48 24 59 22 8 4 21 46 64 9 7 23 80 36 5 21 59 37 8 3 91 45 11 31 81 48 86 35 76 44 40 10 76 41 9 39 23 5 80 30 51 6 46 18 48 49 68 20 51 33 15 19 5 28 82 40 84 0 97 47 26 12 70 14 33 43 31 27 20 17 39 1 42 25 33 7 70 13 84 34 23 26 54 42 55 29 60 38 82 32 14 2 36 11 22 
6 21 30 3 28 11 24 82 7 92 26 52 2 85 32 77 41 3 46 89 33 83 19 33 42 15 16 36 14 96 47 99 8 81 25 24 13 59 38 89 45 11 9 13 18 26 36 91 48 87 29 51 3 20 12 89 37 99 34 95 40 41 49 7 21 67 23 77 31 45 11 74 39 91 22 87 0 1 1 55 10 35 27 71 17 47 43 34 4 77 15 68 5 85 44 27 20 2 35 99 
1 9 15 18 17 28 25 33 14 92 42 76 11 58 39 37 29 28 3 80 33 96 43 97 18 92 26 84 46 68 7 1 49 86 48 33 23 66 5 20 34 17 13 11 27 18 8 90 4 57 30 95 41 17 37 33 32 61 10 49 31 36 12 38 9 62 2 73 19 25 20 82 16 84 47 87 21 44 40 96 44 64 45 68 35 57 38 65 0 89 22 42 36 77 6 43 28 76 24 38 
2 54 32 66 45 8 19 48 16 84 17 15 34 93 14 94 24 57 25 16 39 64 15 13 42 62 33 63 13 53 49 21 38 70 21 42 12 29 8 83 28 5 26 16 3 76 31 67 10 46 47 67 4 83 1 46 37 29 36 26 44 96 43 42 20 49 30 54 23 58 48 8 40 41 5 14 22 35 35 9 6 74 46 16 27 50 9 69 18 45 29 69 0 90 11 17 41 18 7 45 
5 48 0 31 29 29 19 27 13 85 18 71 24 92 17 20 11 11 21 86 7 41 20 24 48 82 3 50 49 24 23 75 33 34 41 80 12 71 22 54 37 5 43 42 28 8 30 35 26 93 16 63 1 4 44 85 36 53 4 61 47 54 46 16 2 18 39 5 27 43 6 24 40 88 14 67 38 79 32 41 8 17 45 37 31 56 15 70 35 56 34 24 42 95 25 12 10 96 9 27 
9 55 31 36 0 41 33 65 28 23 22 79 2 6 36 89 8 69 40 16 41 56 11 81 34 98 12 12 43 19 3 88 44 3 48 36 49 67 6 74 21 38 38 76 39 47 27 21 5 80 4 97 46 35 32 45 7 74 18 92 47 98 17 54 24 91 10 79 35 46 37 34 30 56 16 26 14 62 23 82 15 38 45 89 29 33 42 50 19 62 25 39 26 63 20 88 13 13 1 42 
18 35 23 41 47 9 42 27 49 68 31 38 40 64 7 63 33 45 41 47 24 80 35 14 21 37 17 86 3 27 44 51 2 51 9 83 19 11 4 17 11 36 25 33 27 21 16 28 48 87 0 68 12 73 13 16 32 19 30 35 43 22 22 28 15 20 36 92 5 94 6 15 20 44 34 96 14 33 29 43 37 88 1 70 45 23 10 9 28 14 26 45 8 20 46 84 39 4 38 31 
30 41 10 50 9 85 33 23 39 5 49 34 48 52 40 28 28 92 17 3 27 38 34 56 13 68 15 36 12 83 36 70 2 43 20 65 16 75 37 7 47 77 38 76 11 89 25 25 5 86 4 26 32 55 18 18 24 4 6 83 7 50 46 43 45 24 21 76 26 29 29 89 23 39 1 87 0 98 44 62 43 31 31 33 42 24 8 56 35 56 14 31 41 96 19 45 22 15 3 93 
20 69 5 64 19 70 11 70 23 89 45 87 3 62 4 17 13 61 9 67 36 32 46 1 49 13 48 46 29 28 21 71 24 55 42 35 41 62 33 43 47 14 27 52 44 10 10 51 18 76 31 87 30 6 25 39 34 19 2 90 40 97 14 38 26 67 15 75 43 74 0 11 39 4 17 52 22 99 35 40 32 76 6 90 12 86 16 82 37 78 7 4 1 61 28 44 38 66 8 71 
44 12 19 44 10 41 31 26 1 3 15 11 48 22 18 10 29 73 35 20 11 33 16 85 42 37 8 82 45 44 9 8 27 61 2 18 23 92 43 32 17 53 38 65 46 69 37 16 40 13 36 66 22 49 34 49 3 96 12 86 7 48 14 33 41 81 25 28 4 65 32 35 39 67 13 59 5 10 6 74 47 56 49 18 28 66 33 16 21 22 20 56 0 26 26 58 24 57 30 6 
9 69 34 12 22 2 44 15 49 96 17 51 10 95 36 8 12 58 3 54 39 2 28 40 15 73 40 42 30 69 27 15 38 79 11 56 13 59 33 56 43 38 1 4 31 84 18 91 37 43 47 71 14 2 5 74 45 74 16 38 7 24 42 67 0 45 25 25 46 16 4 52 32 84 35 22 29 77 26 49 19 20 20 76 21 55 8 39 6 51 24 77 48 40 23 21 2 77 41 49 
23 52 11 51 36 71 19 90 1 30 21 33 10 92 22 30 40 56 0 23 29 76 39 7 6 67 25 36 35 61 31 19 43 34 28 33 14 87 3 40 47 38 30 82 41 13 33 61 27 78 8 52 4 5 7 77 9 19 44 35 34 62 42 30 24 64 13 10 32 21 26 8 49 51 18 18 2 46 15 46 17 20 12 13 46 81 45 48 20 13 38 42 48 95 5 41 37 12 16 64 
33 10 12 10 29 36 35 52 11 29 1 49 0 23 38 66 48 65 15 4 42 71 32 54 6 84 4 98 43 96 39 43 8 82 31 67 18 69 24 25 17 60 5 80 40 95 2 81 21 60 36 86 37 48 28 84 26 98 20 67 22 28 14 31 34 93 9 37 3 91 19 12 45 41 7 43 46 88 41 46 25 93 10 5 49 12 16 27 13 65 23 91 30 91 47 19 44 90 27 16 
45 29 40 54 34 82 22 31 6 73 7 83 36 21 11 9 46 43 1 75 39 91 8 79 3 38 33 61 15 10 4 32 42 77 47 65 20 83 5 48 12 30 30 52 28 42 25 29 48 42 10 64 38 65 16 15 26 84 49 46 43 73 19 97 0 41 17 74 18 51 24 70 13 42 23 23 37 3 41 69 14 72 2 31 27 60 21 66 29 59 44 10 31 10 32 74 9 67 35 36 
3 62 1 20 43 28 7 85 10 25 44 80 0 30 27 92 32 80 14 20 5 19 22 3 45 56 38 92 15 36 35 60 46 81 13 30 49 33 2 98 18 88 23 70 37 92 9 39 25 41 6 4 20 12 4 26 12 28 11 24 16 79 19 14 42 94 24 65 8 83 39 91 21 75 30 28 29 63 31 39 47 64 26 29 48 12 33 76 34 53 41 58 28 78 36 43 40 2 17 92 
31 69 39 5 49 43 6 56 29 27 18 73 8 43 26 95 10 98 34 61 46 10 13 61 16 88 1 5 27 80 37 19 28 10 22 75 4 12 15 58 2 86 24 4 33 17 17 2 48 34 44 98 7 71 12 72 11 19 23 84 25 29 30 33 5 91 0 85 38 13 47 35 19 38 20 90 21 6 41 79 9 84 14 24 43 64 35 86 45 74 32 84 3 57 42 31 36 83 40 14 
11 91 34 42 35 5 40 50 37 27 0 18 10 33 9 40 7 90 39 1 1 71 14 65 28 11 20 89 22 30 25 24 3 15 46 51 31 48 38 26 41 66 18 2 27 18 13 48 48 6 19 92 24 54 21 20 49 97 29 43 6 98 44 49 42 59 5 35 26 47 33 63 30 89 43 2 32 26 15 5 47 81 2 29 17 20 23 27 16 14 45 93 12 48 36 92 8 99 4 44 
25 74 47 73 40 44 2 76 24 90 0 6 13 1 20 85 29 17 17 10 7 47 49 40 15 98 34 65 35 1 48 6 1 88 10 61 6 25 21 44 5 62 4 27 44 26 43 95 31 49 39 91 32 22 23 22 19 49 41 96 37 11 42 45 28 76 16 31 45 54 11 71 8 34 38 94 46 40 3 45 30 41 22 86 12 76 9 71 26 13 18 14 14 71 33 6 36 27 27 27 
13 27 41 69 49 44 37 34 23 36 48 40 12 4 29 41 10 5 1 79 15 88 30 21 6 77 44 31 14 69 28 54 11 33 45 49 40 60 43 50 34 82 19 99 8 59 27 24 7 55 3 71 4 10 31 53 35 45 2 39 42 3 16 76 46 70 33 76 21 49 18 81 24 78 0 57 20 67 9 33 17 34 38 42 32 1 36 61 39 63 5 48 26 67 47 58 22 37 25 46 
10 60 38 28 34 94 1 22 0 34 15 99 3 31 5 70 12 43 26 2 43 30 24 22 42 28 48 56 9 41 13 40 41 62 32 82 40 36 22 2 37 76 28 14 29 8 27 65 21 76 16 65 49 67 45 34 35 82 8 28 17 7 14 67 44 69 7 35 23 45 31 44 4 81 47 85 30 22 2 17 20 66 18 49 39 72 25 3 19 88 6 49 46 42 11 73 33 94 36 25 
16 73 34 43 31 82 5 89 18 50 20 4 26 28 47 72 46 18 23 76 35 24 10 68 44 90 13 24 2 37 24 63 41 94 38 29 36 22 4 97 43 74 12 26 37 23 22 74 0 85 48 69 17 41 8 8 28 97 15 65 27 30 30 11 49 28 11 35 33 96 42 79 1 89 6 33 21 87 14 14 3 66 25 74 29 33 19 1 40 52 39 79 7 38 9 3 45 58 32 75 
6 11 32 59 5 71 15 5 13 73 41 72 36 53 11 64 43 12 31 23 33 30 23 20 39 99 25 91 19 80 22 76 1 27 49 71 18 9 3 63 35 2 40 68 28 98 29 75 10 30 12 85 46 70 24 18 16 77 26 23 0 80 47 33 27 70 4 41 9 52 21 43 20 52 44 91 37 78 14 41 38 7 48 87 8 91 2 30 7 60 30 20 17 82 34 75 42 23 45 96 
21 87 19 17 44 41 32 29 37 36 48 52 47 63 23 93 6 48 0 92 27 78 28 64 16 6 41 10 36 86 8 75 46 13 12 45 15 95 1 70 18 70 43 92 31 68 40 15 20 53 25 40 17 63 9 30 3 43 49 58 42 12 34 59 5 80 29 4 7 45 38 45 14 73 10 36 24 44 39 44 26 11 22 60 45 67 11 46 30 94 4 82 2 53 13 30 35 97 33 36 
6 71 23 33 42 33 30 68 37 42 22 73 17 50 2 34 4 3 14 72 5 23 21 90 1 93 45 42 26 71 43 56 10 82 31 50 44 38 24 58 25 93 39 60 12 33 35 93 38 90 41 32 29 53 48 73 9 19 36 86 15 90 3 64 11 96 19 97 18 14 16 92 46 32 47 14 33 13 8 33 7 18 34 76 49 93 40 85 20 55 27 7 0 75 32 5 28 11 13 24 
48 14 14 61 39 80 29 20 22 65 16 58 42 47 45 88 27 36 21 86 25 79 2 96 30 35 47 74 41 45 5 47 34 20 18 42 0 53 49 70 20 70 4 55 31 52 37 57 36 69 46 83 23 20 13 32 11 51 44 95 1 38 33 60 10 14 26 26 3 46 17 61 15 93 43 38 9 57 35 23 40 55 28 84 38 13 32 78 24 80 6 63 8 94 7 71 19 70 12 98 
35 31 33 24 12 39 5 11 3 53 48 31 28 84 37 19 34 46 25 52 8 68 31 2 18 90 45 16 41 15 27 22 0 86 46 56 38 10 13 53 30 25 1 26 49 66 47 85 44 82 26 18 15 29 10 16 40 72 2 86 14 12 32 43 16 15 20 36 42 55 39 26 36 21 24 79 29 44 6 24 4 2 43 13 7 45 23 20 11 37 9 83 21 64 17 69 19 6 22 9 
11 53 33 79 7 12 1 39 46 79 35 35 37 90 27 9 44 7 5 7 24 67 9 3 21 73 3 87 40 41 45 64 36 74 6 23 14 55 38 20 0 59 39 79 22 24 43 22 26 44 34 75 18 44 15 21 30 55 48 99 2 38 10 20 20 11 41 32 25 29 8 95 19 21 13 10 17 50 32 68 16 69 23 82 42 70 12 70 49 1 47 90 29 59 4 67 31 26 28 93 
11 41 30 1 31 69 0 45 25 98 48 70 42 75 3 49 4 24 47 92 38 50 14 91 26 81 28 77 41 92 37 9 49 74 35 30 32 97 6 77 39 88 34 49 44 61 9 33 16 36 33 88 40 51 8 72 13 94 12 77 27 16 45 78 17 65 7 67 21 5 36 95 18 96 5 83 24 32 43 67 23 64 29 50 22 94 2 9 20 90 46 66 10 34 1 14 15 21 19 91 
26 83 15 32 34 34 11 99 4 78 8 92 31 81 32 26 44 48 46 98 24 90 17 24 47 52 35 24 6 40 7 4 27 14 5 40 25 41 39 7 29 78 41 67 18 77 40 27 37 89 36 87 20 29 38 38 33 90 2 76 43 88 23 54 0 96 12 95 14 64 1 95 3 94 30 9 10 31 49 74 28 5 13 58 19 34 45 49 22 95 21 14 42 60 9 87 16 12 48 17 
48 19 42 55 43 5 36 24 45 88 0 85 11 9 33 82 12 50 47 97 2 62 15 10 3 67 31 15 13 9 14 14 10 32 24 65 39 22 17 27 38 40 35 79 9 57 19 59 21 96 32 6 25 2 7 5 37 74 8 96 34 91 6 45 46 65 29 27 18 35 28 57 22 6 27 83 1 69 5 61 30 17 20 16 16 60 26 46 44 15 40 36 41 56 49 99 23 69 4 68 
6 18 48 88 28 97 33 54 31 45 17 75 37 97 41 61 4 60 5 8 43 43 10 28 47 13 26 29 24 75 18 60 22 1 49 31 7 82 14 13 15 20 46 96 13 17 11 58 16 53 34 83 9 73 12 21 2 97 1 6 38 8 27 21 30 4 25 53 32 15 23 91 3 33 35 82 44 69 19 96 0 68 20 22 36 39 8 17 40 95 21 59 39 9 42 1 45 17 29 60 
46 81 25 21 47 88 37 33 48 99 32 49 0 82 27 65 24 99 5 35 11 7 21 64 13 74 16 80 9 91 20 85 10 29 49 66 29 9 17 21 42 79 19 88 2 40 8 22 43 55 1 12 18 89 6 40 35 64 12 12 36 33 45 98 14 86 3 35 7 4 38 41 41 3 4 74 22 5 34 87 28 76 31 68 26 29 44 72 23 15 15 98 33 6 39 44 30 73 40 1 
21 26 22 35 6 9 20 3 10 32 9 41 38 52 11 26 48 55 43 40 13 9 40 33 14 66 19 63 36 26 24 21 32 42 49 84 23 77 27 56 35 39 28 34 47 60 1 72 7 61 0 69 16 44 4 30 39 48 18 4 37 76 3 9 12 14 41 58 2 22 30 50 15 35 26 68 31 37 8 70 44 81 25 24 46 97 33 66 42 1 17 17 34 78 45 83 5 4 29 44 
16 77 3 83 45 82 11 25 40 23 34 75 7 93 31 85 22 94 33 46 21 84 10 83 49 17 36 66 39 93 5 7 15 72 12 14 46 90 9 20 41 50 38 23 28 35 18 40 29 70 35 81 27 41 43 9 8 69 0 52 14 14 30 9 25 57 32 72 48 4 23 65 19 56 6 71 24 1 2 82 17 47 13 65 20 95 47 48 26 65 44 51 4 74 1 41 37 34 42 30 
11 1 37 64 49 84 48 96 21 44 47 49 9 59 18 61 40 94 0 98 8 52 15 85 19 50 12 10 2 76 1 94 29 44 28 35 39 44 38 62 10 95 32 68 44 88 7 91 13 57 46 54 26 48 45 55 6 37 25 53 31 19 23 7 17 18 27 72 35 20 33 66 34 18 20 55 30 69 3 82 43 68 41 22 36 50 14 17 24 68 5 38 16 10 42 57 22 44 4 45 
12 16 26 55 5 81 27 31 44 37 0 20 43 46 37 6 3 68 41 45 32 86 40 74 15 61 16 98 10 60 46 82 13 12 38 26 31 87 33 3 39 91 22 43 42 15 45 87 17 47 1 57 8 47 23 53 7 75 24 19 20 53 9 17 30 1 14 87 36 9 21 73 2 61 47 58 18 17 11 90 28 10 25 76 29 97 49 18 19 74 4 50 6 26 34 26 35 9 48 63 
24 18 11 60 17 19 13 31 31 26 2 34 20 44 15 74 9 2 32 83 35 10 3 68 49 96 29 60 5 64 27 58 14 14 25 13 34 47 1 31 38 67 4 51 23 19 39 3 43 16 40 29 48 66 37 58 46 63 26 96 41 46 42 75 10 82 28 70 6 80 8 22 12 19 22 20 7 34 47 51 16 59 21 11 33 84 30 16 36 94 44 83 45 19 0 72 18 39 19 82 
48 25 24 59 44 60 1 69 8 7 40 37 34 85 31 18 13 14 0 70 39 50 38 67 7 25 11 12 20 20 5 36 36 43 46 6 47 87 21 48 19 71 3 95 16 28 42 13 29 54 6 35 28 1 41 20 18 13 9 80 17 31 10 40 49 53 32 4 33 12 26 68 45 3 25 18 43 71 2 79 35 5 27 92 15 88 30 18 23 17 22 10 4 68 12 81 37 1 14 23